-5.549486425132954537e-02
1.346861180003827485e+00
2.036984104564396603e+00
2.911764439895137002e+00
3.547107006396174711e+00
5.487708542011887403e+00
5.611090931079502298e+00
8.013497393280715642e+00
8.062158313588724923e+00
8.519892294563078394e+00
9.015946071217399549e+00
1.114404257959813549e+01
1.197564911726465198e+01
1.253881305109990763e+01
1.449524552091912710e+01
1.610720136893638710e+01
1.629010315032519429e+01
1.759605024097879777e+01
1.844065669631970650e+01
1.849179738802769180e+01
1.942538765628938791e+01
2.134493156860855834e+01
2.203091604248572821e+01
2.382874086520831725e+01
2.391604196359634216e+01
2.464361335868085234e+01
2.547430645124865123e+01
2.635252479917778601e+01
2.903062986991483285e+01
2.969138622981091657e+01
2.982674049359218316e+01
3.030116067449705497e+01
3.122821351301337245e+01
3.130535545972196587e+01
3.328201578909198588e+01
3.380274783081063106e+01
3.503177094789310786e+01
3.538396729101731353e+01
3.900841550142831693e+01
3.989180334953545071e+01
4.083318775371810716e+01
4.099829487270494610e+01
4.486708271916495505e+01
4.547057239525719297e+01
4.550730694643351626e+01
4.628385615672647191e+01
4.688374853834341138e+01
4.814371277110990377e+01
4.903050495141877718e+01
4.940271620972242772e+01
4.950180269873027328e+01
4.985149145923008973e+01
5.215241528544169114e+01
5.259226828751769744e+01
5.282880895750400896e+01
5.321105723570343571e+01
5.420041207962270846e+01
5.467750274006709787e+01
5.738069728243812051e+01
5.819760358029532199e+01
5.939243233819212264e+01
5.940199933559858891e+01
6.152858296966240914e+01
6.201911578278014758e+01
6.358716684078081016e+01
6.530339295973158187e+01
6.631243957507984987e+01
6.697280119487237471e+01
6.715860439883749677e+01
6.951929051439441309e+01
6.996087492274222086e+01
7.206625065793349449e+01
7.410246861588950651e+01
7.561475974456266158e+01
7.580884962320254772e+01
7.686234483406957452e+01
7.844528676883709295e+01
7.852096925673822625e+01
7.968945937475683650e+01
7.977896321602514718e+01
8.054702540426006863e+01
8.095440562735097956e+01
8.208613228521710425e+01
8.293824004174200581e+01
8.336846054388018956e+01
8.359488031055803958e+01
8.477920725715483741e+01
8.559935654786715986e+01
8.603380698199606513e+01
8.729635489549121985e+01
8.853332463109398986e+01
8.978254867508564985e+01
9.029104457690260688e+01
9.257732160035271818e+01
9.363538198325659323e+01
9.412018790580913219e+01
9.521389455096078791e+01
9.737978872432870503e+01
9.808872666649767780e+01
9.849655811873907396e+01
9.974450242043451453e+01
9.991686025342556832e+01
1.020135728132377722e+02
1.033097951292625112e+02
1.040454074669085003e+02
1.052233760075174018e+02
1.056745965062242476e+02
1.066273298547747572e+02
1.081909066372435859e+02
1.103905236710913869e+02
1.108398651798889318e+02
1.119930310761553756e+02
1.128303544322783409e+02
1.138953144749178250e+02
1.147140298230092412e+02
1.151662955011792064e+02
1.165409627817058436e+02
1.173808402617885349e+02
1.200971158836218251e+02
1.211063550916981058e+02
1.214990524540023102e+02
1.221830449260674527e+02
1.234881789589448999e+02
1.239723152965078725e+02
1.246907798178690427e+02
1.249770454207651937e+02
1.250179258973051333e+02
1.257598985003959342e+02
1.271500283093589587e+02
1.274830751882890354e+02
1.289784534982534296e+02
1.298337112311830879e+02
1.307312564973371423e+02
1.318873579247211865e+02
1.335889643022836708e+02
1.347726774219390222e+02
1.354664484809617306e+02
1.363061648794544567e+02
1.382477192130459116e+02
1.385718076673826999e+02
1.393063699068104597e+02
1.414101859118894708e+02
1.429262171449218499e+02
1.433561080445165317e+02
1.445221792760060566e+02
1.446360506685987275e+02
1.459968155750339065e+02
1.464490447187341715e+02
1.475048549482537510e+02
1.480811024926980508e+02
1.493934225274310847e+02
1.500556957932772093e+02
1.500838153601932845e+02
1.512735177951614105e+02
1.524300613560782836e+02
1.551031127682089163e+02
1.555861535598336332e+02
1.570649292786171145e+02
1.576247919635590051e+02
1.583295553964833289e+02
1.596810596565663332e+02
1.612436673964457441e+02
1.637072650998008498e+02
1.641202346677492301e+02
1.662921843153478676e+02
1.667423554438071847e+02
1.674483678606469539e+02
1.682079354106085134e+02
1.688747425619743012e+02
1.696220775855840088e+02
1.709133199917120010e+02
1.711394232303308627e+02
1.728767777240398686e+02
1.732344573035687176e+02
1.740335531113651086e+02
1.764281405695923581e+02
1.768629934105694588e+02
1.783222245459807596e+02
1.788611041061922720e+02
1.799627469991338558e+02
1.812491250394306803e+02
1.820185721551750362e+02
1.820319938934869128e+02
1.827420595197650641e+02
1.850209772805929447e+02
1.857411402438136179e+02
1.860014513788224804e+02
1.864661425017758347e+02
1.864997771040726775e+02
1.874933273735524040e+02
1.875512401627884174e+02
1.893308230288110394e+02
1.908295042171498039e+02
1.912878453085563137e+02
1.920657131035250700e+02
1.941856505534947246e+02
1.957649121190827941e+02
1.961856368156892927e+02
1.970395374674591267e+02
1.986905675653619028e+02
2.004750994068053842e+02
2.013282152423711295e+02
2.018632487636519386e+02
2.046183500720583766e+02
2.046926235587100678e+02
2.055091246800011504e+02
2.056851281508502325e+02
2.070201456872167114e+02
2.072037126272431919e+02
2.076581550739222166e+02
2.086222583274324620e+02
2.088628508501194574e+02
2.109674757932940565e+02
2.114301123543472158e+02
2.137050905567706423e+02
2.141660065197106633e+02
2.158108333949011808e+02
2.162831838387510288e+02
2.176934091734513004e+02
2.177271861078550046e+02
2.189913965867993966e+02
2.214962587118678243e+02
2.216733095753232305e+02
2.240171846440674699e+02
2.242554857407091617e+02
2.264026084210104841e+02
2.279583081770022659e+02
2.279882777501009059e+02
2.299713325334443539e+02
2.311202789341497805e+02
2.322525612322523330e+02
2.323284751977240035e+02
2.328794532529659023e+02
2.331483828280510693e+02
2.350924502977746329e+02
2.369741006798334411e+02
2.372780293961753273e+02
2.379232598024594267e+02
2.402192957090886125e+02
2.406534376168474694e+02
2.408665180053425274e+02
2.426642525366953862e+02
2.428852223082395199e+02
2.447360318256231153e+02
2.450507625052166532e+02
2.452690157505415982e+02
2.455104597111384805e+02
2.460652052932776712e+02
2.463837105421099523e+02
2.481165325101426049e+02
2.481702837770346548e+02
2.506956389245160892e+02
2.510765394318474364e+02
2.520923800102892471e+02
2.530132450873789765e+02
2.531558082304960635e+02
2.541455862719659535e+02
2.564806887147094585e+02
2.581806464205134830e+02
2.581986803812794733e+02
2.593148917682300407e+02
2.598310535823314922e+02
2.600777715252496591e+02
2.610447543443193013e+02
2.632050612205821380e+02
2.632849996352955486e+02
2.642631655867428435e+02
2.645059329313739909e+02
2.668219241534885668e+02
2.688967777356384659e+02
2.707627732203305868e+02
2.714930472742213396e+02
2.723645448782893368e+02
2.730372367801766700e+02
2.731700435288911422e+02
2.740983834891454762e+02
2.774845024679295875e+02
2.782155415050942793e+02
2.791785647205063015e+02
2.801670735103078869e+02
2.805720190975421815e+02
2.818043005336530769e+02
2.824390293884046059e+02
2.829442955980181864e+02
2.841688792925279472e+02
2.850036389244477277e+02
2.859837445072561763e+02
2.875279797827323591e+02
2.880961136155855797e+02
2.890734177640812277e+02
2.892097887300653838e+02
2.912412245739120635e+02
2.920404829355300080e+02
2.936519637279413928e+02
2.941276168957991786e+02
2.957815984427402327e+02
2.973566376529769286e+02
2.979710550128144178e+02
2.983126924942814071e+02
2.984448388986432406e+02
2.996147821274501553e+02
3.024974356999269958e+02
3.030037533376978445e+02
3.033999790122181821e+02
3.043835729398417129e+02
3.059323291353575200e+02
3.061062843353264498e+02
3.070398330963917033e+02
3.076853389301220432e+02
3.085543256340341713e+02
3.089490398546490155e+02
3.108099340913852302e+02
3.113451740124768321e+02
3.132272813330323515e+02
3.137735053882713601e+02
3.154798971048754765e+02
3.163073942377990306e+02
3.180874244048789024e+02
3.185278933907312648e+02
3.187740841557063050e+02
3.189188354931310414e+02
3.208296707954821159e+02
3.215231263146517904e+02
3.229758992135701874e+02
3.236885763375311740e+02
3.252913405800396731e+02
3.258315071783470103e+02
3.262497266167221142e+02
3.278087642696897888e+02
3.281761525012552738e+02
3.283230323927443806e+02
3.291061199721044659e+02
3.313548813297079505e+02
3.316397694065266251e+02
3.319754193176752324e+02
3.328728281644566209e+02
3.369493145186822289e+02
3.384236650944504845e+02
3.392659733439029424e+02
3.409650564213504822e+02
3.420115973723499110e+02
3.421512523111048267e+02
3.424152743753332970e+02
3.426277604716032670e+02
3.435048037017357956e+02
3.446389414383959320e+02
3.447374677706153534e+02
3.461849644993799302e+02
3.471556060908003474e+02
3.494972383881696487e+02
3.502375731198401354e+02
3.520681142239852761e+02
3.531189285029296343e+02
3.542581182288661239e+02
3.548810398255395739e+02
3.570688270856190911e+02
3.579122202312597665e+02
3.583987021529389949e+02
3.585179056079388715e+02
3.592083358116036607e+02
3.603553867956667318e+02
3.620137609202265025e+02
3.623470997726546443e+02
3.631780401753001115e+02
3.636253570742832153e+02
3.644371005127113108e+02
3.644900268771438618e+02
3.654709715153650222e+02
3.661504953432273624e+02
3.669022202911072554e+02
3.695938045574212651e+02
3.703815821586360926e+02
3.716981570709317566e+02
3.722726122669903930e+02
3.735185533245588658e+02
3.738211801334456368e+02
3.743297019763790558e+02
3.764059800388011467e+02
3.766780423983714172e+02
3.774207844960648117e+02
3.779909265611035494e+02
3.810928444980630161e+02
3.823221525938834020e+02
3.845289540190279922e+02
3.846818687846275679e+02
3.855031201956884388e+02
3.856954190260591417e+02
3.899848809816555786e+02
3.904899238256040235e+02
3.911771184071745324e+02
3.915611841134841029e+02
3.917268466858537295e+02
3.917368097891549041e+02
3.929164754150837098e+02
3.943184111902346558e+02
3.953059150674659463e+02
3.962010775430119338e+02
3.980230859662689227e+02
3.986042924040166326e+02
3.988987241349913688e+02
3.990973537536292497e+02
4.005436755896145087e+02
4.006464029934721793e+02
4.023803457254301179e+02
4.038114420967503406e+02
4.056894106313571342e+02
4.057621642098699795e+02
4.067949460556734493e+02
4.077607905919848008e+02
4.079292945425859216e+02
4.090986282779500698e+02
4.112674804575073608e+02
4.126055201242089652e+02
4.136233199892861876e+02
4.145640840330538595e+02
4.150205156255003658e+02
4.152679623091556778e+02
4.174572778634825454e+02
4.180049953283988771e+02
4.192576750849892164e+02
4.200807777481290941e+02
4.201215813574146978e+02
4.216540222872429240e+02
4.227326682060773919e+02
4.230032760211276468e+02
4.239448815722684571e+02
4.246908829449295695e+02
4.274149677142444261e+02
4.285702425135000340e+02
4.294490463194809990e+02
4.307279133772427713e+02
4.313834574637807577e+02
4.319741209432527853e+02
4.324112872053533465e+02
4.337815352495844650e+02
4.357304401731030907e+02
4.370871260812511423e+02
4.371236506260058263e+02
4.375465121658335192e+02
4.400521907329239184e+02
4.406683529781583957e+02
4.411803167610734704e+02
4.413931216970874516e+02
4.430497855815639241e+02
4.437392976427287294e+02
4.442362931558246828e+02
4.465659421527473114e+02
4.472522432505266465e+02
4.472638488243110260e+02
4.498014753565236106e+02
4.499587666045547394e+02
4.506620078066194424e+02
4.512626557877190976e+02
4.513015609848894769e+02
4.537313770844846772e+02
4.542739696435347696e+02
4.561464378254556209e+02
4.570882651833966293e+02
4.578540288050169238e+02
4.584925183632036010e+02
4.602849245129931433e+02
4.607583385615249085e+02
4.617559153410002182e+02
4.631217737619671198e+02
4.633986662767846383e+02
4.647731456492010693e+02
4.674108766354793261e+02
4.675895824359430435e+02
4.688041723370506588e+02
4.688352146138522585e+02
4.698589062309465589e+02
4.701241649032629653e+02
4.715384849188176304e+02
4.737615192091253107e+02
4.740246959110750709e+02
4.743161090899977239e+02
4.760204413961670298e+02
4.771613775620435263e+02
4.786044478829200557e+02
4.796404336253274323e+02
4.809870334879996676e+02
4.820737569114275516e+02
4.823121515857131953e+02
4.826733300334793171e+02
4.837095468890704524e+02
4.845378576858111046e+02
4.856296700397712129e+02
4.865677348989880784e+02
4.875726299644682058e+02
4.881276728742777209e+02
4.903626273816743719e+02
4.918329565201765945e+02
4.921115731212458968e+02
4.924471800569513107e+02
4.933954701819125148e+02
4.945837043763843894e+02
4.970933212233912855e+02
4.983126969453785478e+02
5.004214996540521838e+02
5.008962834336750802e+02
5.018323094589235325e+02
5.021459757315949446e+02
5.025406602436185608e+02
5.029406093347917590e+02
5.031970428424188526e+02
5.042942614839230373e+02
5.045248793553849964e+02
5.064579474903017058e+02
5.070475417168065064e+02
5.082471475901036229e+02
5.093759081893439884e+02
5.098860858769468223e+02
5.106541058690760906e+02
5.120133113864247889e+02
5.143208391070628522e+02
5.162310979882430502e+02
5.166360112691025961e+02
5.168618601701504076e+02
5.174866365113342681e+02
5.192927575415831143e+02
5.195353766548128078e+02
5.214775538442631841e+02
5.225868985180125037e+02
5.230809253296197312e+02
5.237447910785489285e+02
5.247725280765940852e+02
5.260765293205570288e+02
5.262511942259870921e+02
5.289753199707306521e+02
5.290775177129934264e+02
5.296171931385704283e+02
5.313436428019836058e+02
5.313621688878630493e+02
5.340166090233532259e+02
5.343774348669468282e+02
5.351688373943891293e+02
5.360252315924707318e+02
5.361370455852086252e+02
5.369500265867069402e+02
5.383967468955454478e+02
5.391107023321925453e+02
5.413001580231784828e+02
5.419653427436894617e+02
5.435855233103911814e+02
5.438759522905028234e+02
5.439363654249264073e+02
5.440751990472087982e+02
5.464106386769954042e+02
5.467265550375075236e+02
5.500190939839357043e+02
5.500942967597088682e+02
5.519311538551505691e+02
5.533122656648822613e+02
5.537402255699369107e+02
5.550226857014117741e+02
5.558518405191475722e+02
5.564327054827964503e+02
5.564419801643873598e+02
5.572231557617742510e+02
5.573073147888070480e+02
5.598343290181767316e+02
5.614610352253242809e+02
5.619204495132239572e+02
5.623413265825685130e+02
5.654312706744021853e+02
5.662979903902821661e+02
5.664300695312567768e+02
5.665918125685822133e+02
5.685348195174468628e+02
5.698975805876741560e+02
5.699925283912775740e+02
5.712875858939953559e+02
5.719191113401127495e+02
5.727202827240189436e+02
5.727219309562611897e+02
5.741588305195878092e+02
5.747800019770558038e+02
5.770014076815197086e+02
5.771659521987036214e+02
5.785091015302891719e+02
5.792670098150942977e+02
5.804653527289407293e+02
5.811634274764769543e+02
5.827811277763681801e+02
5.848800583151996761e+02
5.859171927486922868e+02
5.868666544182060534e+02
5.878335815039075669e+02
5.886883036967532234e+02
5.894474143164906081e+02
5.901909911849287482e+02
5.910874668040750066e+02
5.918832367040006375e+02
5.925032608807925953e+02
5.943315626880983018e+02
5.944669602839022673e+02
5.958223020530783742e+02
5.968002348471297864e+02
5.979122588594429999e+02
5.988787073280524282e+02
6.019178670948417675e+02
6.023224714700961613e+02
6.038454088323223914e+02
6.053297602456217419e+02
6.060706287354711321e+02
6.065747466129481609e+02
6.073249741113274922e+02
6.076083012668923402e+02
6.081304777625462066e+02
6.091887918346103561e+02
6.110976907707851069e+02
6.121086603109635007e+02
6.129205920790629989e+02
6.134981475492058962e+02
6.137855873468558912e+02
6.143542216673594112e+02
6.152818457722648873e+02
6.155776723090003770e+02
6.166038348702999201e+02
6.170961912384309471e+02
6.192085038022891013e+02
6.192633899498412120e+02
6.211894847458911499e+02
6.219403370486893436e+02
6.223955735209510749e+02
6.225448921273034557e+02
6.245213953721699909e+02
6.261292392685302275e+02
6.268990721212671815e+02
6.271230521116281125e+02
6.293799892762256150e+02
6.303256173826437134e+02
6.304782064864633639e+02
6.322762713695491357e+02
6.329570928211848013e+02
6.336293870190894495e+02
6.350561796389997653e+02
6.365483601647331398e+02
6.375619663947659319e+02
6.388129060582145939e+02
6.402170439510975939e+02
6.407300672296070161e+02
6.426479595510979834e+02
6.435149664738487445e+02
6.445370594519578162e+02
6.455807065114686338e+02
6.470343744720911445e+02
6.473588743165431652e+02
6.477671359086652956e+02
6.485673665660582401e+02
6.497025220660648301e+02
6.517019510721263487e+02
6.538961052287399980e+02
6.556568164859880881e+02
6.573172004265708210e+02
6.573580714914314740e+02
6.577437781121601574e+02
6.580355047151276722e+02
6.590797389208844379e+02
6.591587217366319464e+02
6.618697975238475237e+02
6.637511061082307151e+02
6.638953419013763551e+02
6.642234893331185503e+02
6.642510741680652018e+02
6.643502182680973647e+02
6.644683523134957568e+02
6.653463963314096645e+02
6.665708944404693739e+02
6.677232681992411472e+02
6.694030852802561640e+02
6.715320518286014249e+02
6.723142505429004814e+02
6.726220860902855065e+02
6.731437934309343518e+02
6.762199881376092208e+02
6.766389216830397118e+02
6.777432133762104058e+02
6.783547125174275152e+02
6.804562440322761177e+02
6.813960436919012409e+02
6.818111117405632058e+02
6.819346487364525728e+02
6.827315794957113440e+02
6.831103272268555884e+02
6.833577934293211911e+02
6.838640828996324217e+02
6.851755642848470416e+02
6.866538702884863596e+02
6.896162682225318576e+02
6.900826149236894480e+02
6.902440239496969525e+02
6.918433608368641217e+02
6.929574417281095293e+02
6.938247654699138138e+02
6.943256367975602643e+02
6.956385290502685166e+02
6.967746379391943492e+02
6.983433687958831797e+02
6.984053609122245234e+02
6.994105142959574550e+02
7.007060859885525588e+02
7.017844379118188272e+02
7.024116193735802653e+02
7.033504988284595356e+02
7.039667650957023852e+02
7.050684346350356009e+02
7.054606323633123566e+02
7.056533022913516788e+02
7.084121484432571378e+02
7.092646056777364265e+02
7.099172533339697111e+02
7.119181717078131442e+02
7.124409701397692061e+02
7.134502007148934126e+02
7.142497686435406195e+02
7.150765965020414114e+02
7.162195042653552264e+02
7.183498936991661594e+02
7.190443844462282641e+02
7.198643737132584874e+02
7.201217536924507385e+02
7.235390354459527771e+02
7.236748858672225424e+02
7.260317824424672608e+02
7.262693933347247821e+02
7.278635846961068410e+02
7.285588391188227888e+02
7.287916782215322655e+02
7.293330483307699978e+02
7.308651010935541308e+02
7.323062562923066707e+02
7.334106025000211275e+02
7.340370647182628545e+02
7.344776571881579912e+02
7.354984271111800354e+02
7.374591301202458453e+02
7.380692742181537369e+02
7.400098606554797698e+02
7.404497075089466307e+02
7.411118608036582600e+02
7.418227670782899850e+02
7.428527011155242690e+02
7.428782181629285333e+02
7.443240828894855667e+02
7.444299938767691174e+02
7.452392894831698413e+02
7.464237689025603686e+02
7.475625241805394126e+02
7.476732296266999356e+02
7.500949040520683866e+02
7.507410795260336727e+02
7.516602620978044342e+02
7.530307351439703325e+02
7.531798092511901359e+02
7.548203164393469251e+02
7.548367129738555832e+02
7.560567102640281973e+02
7.574029847143542611e+02
7.580918031520144496e+02
7.588510239597662803e+02
7.602890120195335157e+02
7.604944839038089412e+02
7.631290855223714971e+02
7.650158957718138026e+02
7.656841530524934569e+02
7.658102041135207401e+02
7.675430379652976853e+02
7.687270317480880522e+02
7.689561986824548967e+02
7.703467806190536749e+02
7.704522881686948494e+02
7.706572262788438366e+02
7.709947702330721313e+02
7.719609933518347589e+02
7.744301919640157621e+02
7.745631372214820658e+02
7.775250656008813621e+02
7.779039259430910533e+02
7.781056047978302104e+02
7.792769002074035143e+02
7.819359431144375776e+02
7.820868489781688595e+02
7.825911317291607929e+02
7.827914415341003860e+02
7.850644617331187192e+02
7.872638476414467732e+02
7.874018900633657267e+02
7.889663484341929234e+02
7.892183389146180161e+02
7.907874556957237928e+02
7.907890331479273982e+02
7.917006397130351161e+02
7.932619340090509468e+02
7.938984853407721403e+02
7.943907853168966540e+02
7.960080599037034972e+02
7.983631021252110713e+02
7.991850803727076027e+02
7.993057304479729055e+02
8.006162134237154078e+02
8.012380113038755098e+02
8.027315759004919755e+02
8.034873076329399737e+02
8.049194005289687084e+02
8.052411054590966160e+02
8.059432141729553223e+02
8.075527984027578441e+02
8.084535543184827020e+02
8.089546632051471988e+02
8.109985488911333960e+02
8.126440327491293374e+02
8.132900749719040050e+02
8.139809902495803726e+02
8.145222139787822471e+02
8.147519482231966776e+02
8.162916380806268535e+02
8.173838548215474020e+02
8.177581914980985403e+02
8.185507191619078640e+02
8.206969260509602009e+02
8.222568078005654115e+02
8.222941031943111057e+02
8.227196188584775882e+02
8.235210641292885612e+02
8.239553395472587454e+02
8.243257705956934842e+02
8.252389876525754744e+02
8.265491754427300748e+02
8.283889519418487453e+02
8.289213334250832759e+02
8.292670530881783861e+02
8.310692070349653022e+02
8.319112374031449235e+02
8.332682065377666731e+02
8.348913105369717869e+02
8.358781093768375285e+02
8.358839052083280876e+02
8.372834360641343210e+02
8.377610172640975179e+02
8.413722027805658854e+02
8.417570434749555943e+02
8.424740636719989197e+02
8.431310026432277027e+02
8.432135493119419607e+02
8.443477570771224237e+02
8.446269488715590796e+02
8.457018827041788427e+02
8.464961529965285081e+02
8.472822143448793213e+02
8.486479313643437763e+02
8.505459239059910033e+02
8.540881014588039761e+02
8.543523731142890938e+02
8.557274174901240258e+02
8.564506541817370362e+02
8.567286692592997497e+02
8.576703221619254691e+02
8.582232760055878771e+02
8.596320983591840559e+02
8.598176905634796867e+02
8.607315800989063064e+02
8.644252402269570439e+02
8.649188401123053609e+02
8.665337119453180321e+02
8.674944655379017604e+02
8.678006937920420114e+02
8.686103059276711065e+02
8.698052178522818849e+02
8.698670242618874227e+02
8.703667662464378054e+02
8.709454054614827783e+02
8.717441120652313202e+02
8.722562175806142477e+02
8.732025515348266254e+02
8.741194393184093769e+02
8.761048037508844573e+02
8.776596505141931175e+02
8.780524060125192136e+02
8.786197076927929857e+02
8.788264000294193465e+02
8.797752042965347528e+02
8.801481830986342629e+02
8.813696409682845569e+02
8.821112626664855725e+02
8.847483874876323853e+02
8.855016505058289340e+02
8.858735630308799500e+02
8.865131364497173081e+02
8.878738456815344762e+02
8.884657387337260843e+02
8.911048373482205989e+02
8.914669766604918095e+02
8.930563639129918556e+02
8.939925531557373688e+02
8.946880437963422992e+02
8.969865446251413914e+02
8.971942672770637728e+02
8.984392494321698450e+02
8.990132216855124625e+02
9.006234028102403499e+02
9.006507502386286887e+02
9.016828811546449742e+02
9.023410107718697191e+02
9.040808017843171456e+02
9.052351666679135178e+02
9.074896860433553911e+02
9.076021483909212293e+02
9.084545497007100039e+02
9.098531736102024752e+02
9.102552825019804459e+02
9.115509023975790797e+02
9.122084747719964071e+02
9.142044651003233184e+02
9.142738961441837091e+02
9.159130707935828468e+02
9.161151439132293035e+02
9.162421172928089845e+02
9.178243265453038475e+02
9.185321644444020421e+02
9.204237948793193027e+02
9.206290269162789173e+02
9.219231631577063126e+02
9.241999536042976615e+02
9.249894102118981891e+02
9.258322869876558343e+02
9.262336482716913224e+02
9.267397742209375338e+02
9.274237162725954704e+02
9.282808414931241714e+02
9.297262273995972919e+02
9.301726755328302261e+02
9.307837580593181883e+02
9.321119457092545417e+02
9.339771724825900492e+02
9.348841096994756299e+02
9.348843732871287102e+02
9.366386844844471398e+02
9.369318642481418919e+02
9.376634295847139811e+02
9.391086246610162789e+02
9.419507597364234925e+02
9.420793487135401847e+02
9.439637123218025181e+02
9.443669437441972150e+02
9.453340080429730961e+02
9.471569253589409527e+02
9.475297417355723155e+02
9.482966381282053590e+02
9.485801634220009646e+02
9.503701865316774047e+02
9.504051769854260101e+02
9.528984951140790827e+02
9.533068744431109280e+02
9.538438634749124958e+02
9.570336664427798041e+02
9.576864760529788327e+02
9.581972710538900628e+02
9.584313202516475485e+02
9.589632442649345876e+02
9.590875373919843696e+02
9.598123439735013562e+02
9.603195434899873817e+02
9.626853779470400241e+02
9.629503560609874739e+02
9.637758348585455224e+02
9.642428997843761636e+02
9.656408990287948200e+02
9.694052665521055587e+02
9.695160756270054208e+02
9.697141910819690338e+02
9.713083947456962051e+02
9.713932214955519839e+02
9.742683934342103385e+02
9.751461551122322362e+02
9.759494496402624009e+02
9.769376747544315549e+02
9.772005133146043363e+02
9.778021307889833906e+02
9.784993432443027359e+02
9.797372310531569610e+02
9.801968681013499918e+02
9.811367308518708796e+02
9.848425306912049564e+02
9.849129564432905681e+02
9.856871982896809641e+02
9.857207493010533881e+02
9.863688427913028818e+02
9.865815875297760158e+02
9.883973476178849751e+02
9.895929038889571530e+02
9.910409245180123889e+02
9.917563793176900617e+02
9.924276324938998641e+02
9.932433379675044307e+02
9.952974107209425938e+02
9.964459985971512879e+02
9.987076628694744613e+02
9.987149964394643575e+02
9.974751353331762402e+02
