-9.071644607833491136e-01
1.839860525946164671e+00
2.186899948321979537e+00
3.528691894424412112e+00
4.413572788277349446e+00
5.001863856050533741e+00
6.048177640231358509e+00
6.853015560061123779e+00
7.199032904570117353e+00
8.951227177047712757e+00
9.049222369427809554e+00
1.065138963350699441e+01
1.206897884164675361e+01
1.268632633640714857e+01
1.324648732847015253e+01
1.557066541695559181e+01
1.660986810932809021e+01
1.722314655107237513e+01
1.893130962497400560e+01
1.915573640823356527e+01
2.051730011107770224e+01
2.177077133041359502e+01
2.312592859732319539e+01
2.356968854288095372e+01
2.389128291229690149e+01
2.466440099060230295e+01
2.594589123254144170e+01
2.676588680429131273e+01
2.820185360856658008e+01
2.898666276066302316e+01
2.996848619775227007e+01
3.008810940066598505e+01
3.058114383142134329e+01
3.128113321285331949e+01
3.351393080926254697e+01
3.452430562405356795e+01
3.559269566884989899e+01
3.608015120917895047e+01
3.709933477973066829e+01
3.888437138333358689e+01
4.010834150456236102e+01
4.193037125856483271e+01
4.297442225717600195e+01
4.325574389552298271e+01
4.556738088804894460e+01
4.576988316985091387e+01
4.757882008877299995e+01
4.812175168370725942e+01
4.890029326870319437e+01
5.043858786169414543e+01
5.089536740011590155e+01
5.168712475596868217e+01
5.237659929108639290e+01
5.290135015885215353e+01
5.342875400831019306e+01
5.423908165482941968e+01
5.468499048897552939e+01
5.593010928287009165e+01
5.625929914469941195e+01
5.782521960444745446e+01
5.951836032744637350e+01
6.025301303729071378e+01
6.209531081455764934e+01
6.300375400512535862e+01
6.419356855284792118e+01
6.511237529359112841e+01
6.544310910140558235e+01
6.724376409940231270e+01
6.753529226633901317e+01
6.831421619078986396e+01
6.931446823829719506e+01
7.136652456592923954e+01
7.164813138924944269e+01
7.355696162815507932e+01
7.407271138502693475e+01
7.441464264008379814e+01
7.643164791883901898e+01
7.717448756883482019e+01
7.882531951202736309e+01
7.898678909067291443e+01
8.028186770419824825e+01
8.120945463201354642e+01
8.160481998018332206e+01
8.355933970772690600e+01
8.476634068258454136e+01
8.512957398418018329e+01
8.572791925799356250e+01
8.774250033476363342e+01
8.784562944077390512e+01
8.907161794585488224e+01
8.989305945257223129e+01
9.197057233689821487e+01
9.217994907706724916e+01
9.366157746152168784e+01
9.465021261084916659e+01
9.598028446820410409e+01
9.611441044495842334e+01
9.640184840342669759e+01
9.837750709674139671e+01
9.913170773998399454e+01
1.000757864326228059e+02
1.007467172297058937e+02
1.012949005254155281e+02
1.022043792629019663e+02
1.039202663136497335e+02
1.058597644243213836e+02
1.063106629170597444e+02
1.067936091645152601e+02
1.072949391274327695e+02
1.083200892886385986e+02
1.101233294404303251e+02
1.106118494506125671e+02
1.112317874422482191e+02
1.123092868559265298e+02
1.130923273632757855e+02
1.143934125712976311e+02
1.157026226851650108e+02
1.173590498682644352e+02
1.179186815966224344e+02
1.183740156674454056e+02
1.201728715873426836e+02
1.205673865647746084e+02
1.216237790407637931e+02
1.222998853982941796e+02
1.234256465074618632e+02
1.241393930451112624e+02
1.246679175000436999e+02
1.267801354693971803e+02
1.284263684543768704e+02
1.294222626530458911e+02
1.311080707034122383e+02
1.315342043806172683e+02
1.319880857272623871e+02
1.329832889068698023e+02
1.336145707010570618e+02
1.355357383867316230e+02
1.370635292120347799e+02
1.384944186679690574e+02
1.396862720579921415e+02
1.401703325241238645e+02
1.419088454494306575e+02
1.427034658951823758e+02
1.434012149699772749e+02
1.439044876292644517e+02
1.447952708104715498e+02
1.451233452881951393e+02
1.461766088666479959e+02
1.476129263062883865e+02
1.483960676381605595e+02
1.486341543489481296e+02
1.497870365682749139e+02
1.508155994719050454e+02
1.517796651142759288e+02
1.525802725907832951e+02
1.528275129566613373e+02
1.535174651748652650e+02
1.551993275814875801e+02
1.556846575159780173e+02
1.578097114688037550e+02
1.586273378914604564e+02
1.602386726644627402e+02
1.605699311964695539e+02
1.612593665611767051e+02
1.618551120331878224e+02
1.624414658787727035e+02
1.641714594703273065e+02
1.660239727191531642e+02
1.664367383344341533e+02
1.672900395029095648e+02
1.684248543913200251e+02
1.696869122076623171e+02
1.705226728164639098e+02
1.717748607673341326e+02
1.727687058637561677e+02
1.735334768605315503e+02
1.743614736241846117e+02
1.757419093208484924e+02
1.762003514547387795e+02
1.776001555680564366e+02
1.784066134363582705e+02
1.801168368506698698e+02
1.812811567336186727e+02
1.829149850705774725e+02
1.839067435052590440e+02
1.851515783138466418e+02
1.858106304371414694e+02
1.863146189291824726e+02
1.884058121291890302e+02
1.898542714376489471e+02
1.901857158112983939e+02
1.911843456288240759e+02
1.912548842131260471e+02
1.918970057136210698e+02
1.928626855702037233e+02
1.942602857546174846e+02
1.953747927970921978e+02
1.956498620776167741e+02
1.974478933048238787e+02
1.985460676614341651e+02
1.989446124925267441e+02
1.998688723737266173e+02
2.000780334411382455e+02
2.004731346312813685e+02
2.027950119296605180e+02
2.043397476262657619e+02
2.052835950156069202e+02
2.057606788226727872e+02
2.076757315460438349e+02
2.093774344976540647e+02
2.097281318410211384e+02
2.112695331148273112e+02
2.120619070322453013e+02
2.123418174087676675e+02
2.136462950396969518e+02
2.139498636028747569e+02
2.145821323024129583e+02
2.154360333033966981e+02
2.165010401898106238e+02
2.169228548520814570e+02
2.189396427674257097e+02
2.193497058781767919e+02
2.202035118972650025e+02
2.213398120306047758e+02
2.222833713818050683e+02
2.242048683241616231e+02
2.249328506719147072e+02
2.253160533485884685e+02
2.265391654885403909e+02
2.283277304685406648e+02
2.290694888502916911e+02
2.296308963338537410e+02
2.307420368591340889e+02
2.311161019190864181e+02
2.324134345747539214e+02
2.333803743842655649e+02
2.348118961697903728e+02
2.350651216288451337e+02
2.367265892507453486e+02
2.372886533390377508e+02
2.379301330894981277e+02
2.405733263987972919e+02
2.415656263027411512e+02
2.417668731437804297e+02
2.428695843705710899e+02
2.436356355785831624e+02
2.452086841810833278e+02
2.453411673893099589e+02
2.464140743748359057e+02
2.485735125062383588e+02
2.495987853480808951e+02
2.502986085728021237e+02
2.516955798866337091e+02
2.522382362361232424e+02
2.531448083866090428e+02
2.538253169477261224e+02
2.545267203251687249e+02
2.566430447457393029e+02
2.574346272799008375e+02
2.577438740314788674e+02
2.587292538072836123e+02
2.592353238187498619e+02
2.602795013793745511e+02
2.615302488800515448e+02
2.631346262549097901e+02
2.640931254817709259e+02
2.649481020023683300e+02
2.670124007816640415e+02
2.675484311080821271e+02
2.691166275668858816e+02
2.700077120045748416e+02
2.707081417511626569e+02
2.713478590309438232e+02
2.730782417279352785e+02
2.747770059432775724e+02
2.751290665042333217e+02
2.761005903861256456e+02
2.766146869281549812e+02
2.781054618999503418e+02
2.786816706271475823e+02
2.799762243837432152e+02
2.809081397238409181e+02
2.818504683478075776e+02
2.828656948410210816e+02
2.838612797977231139e+02
2.840947220587239599e+02
2.843799091581491894e+02
2.863233830267304256e+02
2.880208596109015389e+02
2.885827314417474554e+02
2.887575471083082448e+02
2.888994698254393825e+02
2.897501043123841669e+02
2.914108069733458137e+02
2.918497996263185428e+02
2.923986408105926671e+02
2.940903708756960100e+02
2.947610617289647053e+02
2.967321265652690272e+02
2.971578959675794636e+02
2.979938846665645542e+02
2.990035697620558039e+02
3.008161209390525528e+02
3.008683521087832560e+02
3.022386500908881999e+02
3.033302874081387017e+02
3.039503932148437571e+02
3.041511893234377339e+02
3.046289986626547943e+02
3.062635596301699934e+02
3.077429126938715171e+02
3.084939686484905224e+02
3.107857165274000408e+02
3.115007145837514031e+02
3.126058313680700849e+02
3.143400446410666405e+02
3.146111146946674353e+02
3.163178499436523907e+02
3.171893099751139289e+02
3.182956811430805715e+02
3.189031801151155605e+02
3.203059776008020663e+02
3.210949630112655768e+02
3.217361474794043943e+02
3.224754032806916939e+02
3.245059427133755889e+02
3.256092289803416406e+02
3.266420013989005611e+02
3.280895546321335132e+02
3.284453936943097005e+02
3.289442327761192928e+02
3.314417414261463364e+02
3.332883356629353102e+02
3.345443376064745280e+02
3.360706374022661862e+02
3.365782766469445164e+02
3.370268225285042831e+02
3.376935779863472931e+02
3.391513028717402563e+02
3.396478834497310118e+02
3.398478401287899260e+02
3.410552604143338158e+02
3.421243530678066236e+02
3.436271995084148330e+02
3.438054107443485350e+02
3.442780330834132201e+02
3.450379566498871213e+02
3.454882187135145841e+02
3.475762415822847515e+02
3.478294504144213306e+02
3.489150574881430202e+02
3.492412186092198567e+02
3.501840262687928202e+02
3.503895974845473233e+02
3.515028133238461123e+02
3.525663862010098342e+02
3.533310000742373518e+02
3.544184911189674949e+02
3.554279297359935299e+02
3.560302194360724570e+02
3.578082948019317655e+02
3.593222503153863272e+02
3.603936529930096526e+02
3.607054290054871899e+02
3.614399894019101680e+02
3.626949755008112106e+02
3.642140094078350785e+02
3.648457159526494138e+02
3.659183771632932576e+02
3.685949151281174068e+02
3.696315588907136203e+02
3.698996603678858150e+02
3.714128744835468297e+02
3.719677683940840325e+02
3.724129306966766535e+02
3.730863359588050230e+02
3.745030204297853516e+02
3.749335317692634817e+02
3.769231046706414645e+02
3.788479813765181916e+02
3.789554260148157141e+02
3.795440158343353119e+02
3.798224947717965279e+02
3.816080903588224942e+02
3.825194857067531871e+02
3.845670735274011918e+02
3.848061210047961254e+02
3.869279333139498931e+02
3.877370289727719523e+02
3.880774029501592395e+02
3.898391489317706373e+02
3.904986063764664550e+02
3.917691565932728395e+02
3.922936427808092503e+02
3.936587148728495436e+02
3.943902675861779130e+02
3.951875960141194355e+02
3.962288094821906839e+02
3.981148508439595730e+02
3.986368909239929508e+02
3.994389135017642616e+02
4.010187221788849001e+02
4.018185706272378752e+02
4.033360347476162815e+02
4.047092207265280877e+02
4.059422569836256116e+02
4.064525467198389492e+02
4.067364212733612021e+02
4.071941638030340869e+02
4.088865805719853483e+02
4.092959691707848151e+02
4.100830170336453762e+02
4.104478119691592610e+02
4.122035825441714678e+02
4.126881622908226745e+02
4.135561401220663242e+02
4.142362224441122294e+02
4.153835923433649668e+02
4.160895831633416151e+02
4.174863189943257566e+02
4.181112725932961212e+02
4.190096125628178925e+02
4.201024628496180640e+02
4.203405823345479462e+02
4.222200771147618070e+02
4.229291950032091449e+02
4.240351371495330568e+02
4.253990560190387669e+02
4.261832039339046787e+02
4.277336911814073233e+02
4.293585459910399322e+02
4.300810061181235824e+02
4.308754370643972038e+02
4.330828681733707413e+02
4.343644912317058129e+02
4.347404037316065342e+02
4.353754694293966168e+02
4.377345150961558602e+02
4.383312511636145246e+02
4.388134502320825163e+02
4.393740447859252640e+02
4.394555320838684338e+02
4.396258405050980969e+02
4.412778498867074859e+02
4.428985590530793957e+02
4.436052590343166457e+02
4.443543604951312886e+02
4.453056839404837888e+02
4.464257417240233963e+02
4.464869346783049764e+02
4.484130940522890114e+02
4.490590882800736949e+02
4.493648606335045201e+02
4.508927251873597015e+02
4.522575834472337419e+02
4.534446551024278165e+02
4.546842902827263515e+02
4.554612692869876014e+02
4.567939428131877548e+02
4.582867013193019829e+02
4.590174647431857693e+02
4.601944280228817092e+02
4.614908552999836502e+02
4.628321826199827456e+02
4.630827398479675026e+02
4.646682446927642332e+02
4.667222304786216682e+02
4.678601396534966739e+02
4.687769846939254990e+02
4.696067771971534057e+02
4.704796026010481000e+02
4.717591246792742368e+02
4.721128536499637107e+02
4.726057277538134258e+02
4.738031212389644224e+02
4.747303171301355746e+02
4.754006995055025868e+02
4.760709836516033988e+02
4.768866797344870179e+02
4.781600222099568782e+02
4.791008405612824390e+02
4.796169465560869298e+02
4.804871275204051244e+02
4.821285725521694872e+02
4.830477065082232002e+02
4.842975686170532867e+02
4.847062353107559716e+02
4.861959867477042394e+02
4.864857227037380198e+02
4.876947014433058030e+02
4.884554517881445008e+02
4.886189474856686275e+02
4.897746445158100528e+02
4.923837806306577818e+02
4.926887897715422469e+02
4.931414351692662308e+02
4.938227233517177410e+02
4.946692005184835352e+02
4.971021552441206950e+02
4.972302999188155468e+02
4.979876784869954918e+02
5.001430030044468253e+02
5.008756413736398940e+02
5.017048152662281950e+02
5.020009845043217638e+02
5.025284400787847972e+02
5.043446760964707209e+02
5.051578635487188080e+02
5.063435495088211269e+02
5.077143656495468917e+02
5.081376342675343949e+02
5.094156888751851966e+02
5.105403451515003894e+02
5.118876338888443911e+02
5.125708531481086538e+02
5.142473171651120083e+02
5.144387057385546314e+02
5.161450300853551880e+02
5.164801388700352618e+02
5.177459280338498502e+02
5.185837551481762375e+02
5.191898187613292066e+02
5.212866359055003613e+02
5.227253154109898787e+02
5.231999218971676555e+02
5.249165546622624561e+02
5.259014974103978375e+02
5.276243921526308895e+02
5.282097536525739088e+02
5.297897767655433654e+02
5.311438341279456381e+02
5.318777508552350355e+02
5.324565495489219984e+02
5.327079675934161287e+02
5.340414932037800781e+02
5.355956654634215965e+02
5.378872613867744121e+02
5.387840768381257703e+02
5.389893952395066208e+02
5.403312166130840524e+02
5.403584425798392203e+02
5.412382259036364758e+02
5.415192376401546426e+02
5.424030247798776827e+02
5.433316299840087140e+02
5.436696944758210748e+02
5.456244999837686009e+02
5.460681427373100405e+02
5.463427729750806066e+02
5.466429887355087658e+02
5.477288089848391337e+02
5.479610977530182936e+02
5.490346716980717474e+02
5.507926348231420661e+02
5.512371888916873104e+02
5.516496158571364958e+02
5.542744806179420038e+02
5.548934234029593426e+02
5.559176529945737002e+02
5.567125428961601301e+02
5.578525308124862931e+02
5.580632913824505295e+02
5.597514997222633610e+02
5.606537711228817216e+02
5.620971656677717192e+02
5.629409245326963855e+02
5.636943369931984762e+02
5.650706875404799803e+02
5.660493646441859710e+02
5.667448639707414486e+02
5.688682320578661802e+02
5.695829726400205573e+02
5.699944120735605111e+02
5.708261281743219797e+02
5.721039084300310833e+02
5.729881486832056225e+02
5.744276591951542059e+02
5.758255521401500800e+02
5.775718178621541483e+02
5.792983778912334856e+02
5.796906321540183171e+02
5.806303447172407459e+02
5.825789883863543537e+02
5.829585200467860204e+02
5.834185064356252042e+02
5.850894650499074032e+02
5.859215434500059700e+02
5.871222413970958769e+02
5.876638868860136427e+02
5.888274889928721905e+02
5.892700946411068799e+02
5.907005905536021828e+02
5.911072925094974835e+02
5.930427659821668840e+02
5.936208436484869253e+02
5.947805622324100341e+02
5.959462624882276032e+02
5.962698903943387450e+02
5.978226616765152812e+02
5.992877743643545045e+02
5.996320393496081351e+02
6.000178983423921864e+02
6.027673202889351387e+02
6.030575818804318260e+02
6.037215399422478868e+02
6.048528687088161178e+02
6.061313233065252462e+02
6.065803852132116845e+02
6.077094543430835074e+02
6.081013404044476829e+02
6.089826722584073195e+02
6.095079825763712051e+02
6.106076577320073966e+02
6.123816076596068569e+02
6.130647515726137726e+02
6.137958055109517090e+02
6.147304002624598525e+02
6.162864208574484337e+02
6.174335266627125520e+02
6.177019218352485268e+02
6.179835330820949366e+02
6.193866820145727843e+02
6.198103198870092001e+02
6.212143841275631075e+02
6.217023346515700268e+02
6.237632198124192655e+02
6.241263727333596307e+02
6.249172019433403875e+02
6.257365834858335347e+02
6.279562378206506992e+02
6.280659552245707573e+02
6.287983958291425779e+02
6.291134486155783634e+02
6.314396939493111631e+02
6.323460505351113170e+02
6.335412953256050059e+02
6.341450395676185963e+02
6.357064908930958609e+02
6.366551134469252702e+02
6.374678729256453380e+02
6.383909298294547625e+02
6.400494967660100656e+02
6.418806459332167833e+02
6.431901837820223591e+02
6.433871762613792953e+02
6.440757078523769223e+02
6.447042026177661000e+02
6.462310378099816717e+02
6.464608787887154904e+02
6.471439326400044365e+02
6.477281516411887878e+02
6.507370271348535198e+02
6.517791995500410849e+02
6.520287517656862519e+02
6.528762278179003715e+02
6.539299859522370753e+02
6.545121498935803857e+02
6.562012642432846405e+02
6.568958989645170732e+02
6.579989589550689288e+02
6.592658134505271619e+02
6.607024018902683338e+02
6.608538490096285614e+02
6.622390603075988338e+02
6.629879313092114899e+02
6.638258325608513815e+02
6.643937747919303547e+02
6.655158062916195831e+02
6.679472053290630811e+02
6.683430511329273713e+02
6.692050097532458039e+02
6.702078912275910625e+02
6.719804777795079644e+02
6.735219049384739947e+02
6.742864313098272078e+02
6.750888289355336838e+02
6.765405188918750810e+02
6.766690087485613958e+02
6.772558760917603422e+02
6.788374207492341839e+02
6.796003694096056051e+02
6.806150053779947484e+02
6.821442502212397585e+02
6.826245974387022670e+02
6.833853365284292067e+02
6.840785282528826201e+02
6.862081091633815504e+02
6.868540556234794394e+02
6.887125089308597126e+02
6.892743924522762882e+02
6.898074260125927140e+02
6.906625460218322132e+02
6.917361119151789808e+02
6.925566871928380124e+02
6.935617318507324853e+02
6.945066277268508657e+02
6.947172659425906431e+02
6.948461446462779350e+02
6.953336863015780409e+02
6.964229234074475698e+02
6.969665311824110177e+02
6.981806103492247075e+02
6.984692034093250186e+02
7.000819444598860173e+02
7.014739142112032368e+02
7.030033940287032692e+02
7.042392982996551609e+02
7.053880355504097679e+02
7.056943541137501370e+02
7.070998279043744787e+02
7.075941883680090996e+02
7.086003367224797103e+02
7.096723509232198239e+02
7.114688600271551877e+02
7.127727027172892349e+02
7.135873118580157097e+02
7.139390894384386002e+02
7.156545381645953512e+02
7.165944352506957102e+02
7.177615535003383229e+02
7.185605722696269595e+02
7.199474627203254613e+02
7.213381500356535980e+02
7.221174376986268726e+02
7.236630759264844528e+02
7.240338670228849196e+02
7.248217616845786324e+02
7.255601892482526409e+02
7.275005302483056084e+02
7.285010040602460322e+02
7.292112824348811273e+02
7.303629979684401405e+02
7.320005076191789612e+02
7.325204275662963482e+02
7.332077473076042224e+02
7.355326556211391562e+02
7.363648866507653565e+02
7.382287879961588715e+02
7.388209918081079195e+02
7.396433221459299148e+02
7.405953572459909537e+02
7.411943862697153236e+02
7.422116641055577020e+02
7.425785542579976664e+02
7.427947368585589629e+02
7.447320068296776299e+02
7.454648391949933739e+02
7.469745156291338617e+02
7.476472781141591213e+02
7.489103942870717674e+02
7.493907621931588210e+02
7.496153667594360286e+02
7.509633681353354859e+02
7.532703772384759304e+02
7.534203411084641857e+02
7.539980110213248281e+02
7.546820528575026401e+02
7.559876089872516332e+02
7.563311094833891275e+02
7.572781331837832113e+02
7.586036428494421671e+02
7.593013073494118998e+02
7.604200202747520052e+02
7.614325456945960013e+02
7.616555711189726026e+02
7.637567105153366356e+02
7.643995650392787411e+02
7.652791343394185333e+02
7.665561084763431836e+02
7.671189958661132096e+02
7.672854541840497404e+02
7.686635546501493081e+02
7.689409685266805354e+02
7.711738992019569423e+02
7.726105908902738975e+02
7.732975165783184366e+02
7.739752656138897464e+02
7.750008745991322030e+02
7.759157920436284712e+02
7.773293882748612305e+02
7.782979208060137353e+02
7.788220027040063087e+02
7.808617736920057268e+02
7.811008549252579769e+02
7.833370045875979031e+02
7.841163686532254360e+02
7.855199162340502426e+02
7.862191580588897750e+02
7.871733114334299444e+02
7.883514986257520150e+02
7.891826599141771794e+02
7.908954633307572522e+02
7.910712888173076180e+02
7.922314907577002714e+02
7.940625992575735381e+02
7.962019072743148627e+02
7.967091670269537644e+02
7.968639095428741257e+02
7.985500808057113318e+02
7.994205956229282037e+02
7.997513199599603695e+02
8.005366750887030776e+02
8.014397308462276897e+02
8.019193087642345290e+02
8.034845092598889096e+02
8.047294917870981408e+02
8.061553049977661658e+02
8.070233919568786405e+02
8.075720064508598171e+02
8.090246352203657807e+02
8.106918250667272332e+02
8.108829936161965861e+02
8.114222738944572484e+02
8.120917668693173255e+02
8.125714951694303636e+02
8.135783841366203433e+02
8.138902180859903410e+02
8.155136382458044864e+02
8.161032314325393600e+02
8.166658850908356726e+02
8.183350077518778107e+02
8.188495859759849509e+02
8.195591127148397845e+02
8.210753217615671247e+02
8.226101448173673134e+02
8.244297784860904130e+02
8.245582300170019607e+02
8.249560252757171384e+02
8.255399223012739185e+02
8.270731205992335617e+02
8.287449960260323678e+02
8.299965860994560671e+02
8.307715072454360552e+02
8.316084302664116876e+02
8.321533114142170007e+02
8.330160698964950825e+02
8.343121409092625527e+02
8.353644599671697506e+02
8.367218023922399652e+02
8.379813073195552988e+02
8.380405431947872330e+02
8.401728819541644953e+02
8.415535738313790262e+02
8.422677638431439391e+02
8.432878296295859855e+02
8.445623345871258607e+02
8.458033407189220725e+02
8.465018606129228829e+02
8.480791300823717620e+02
8.486040978570155175e+02
8.492370479139274266e+02
8.507553556678343512e+02
8.519003102703723016e+02
8.529520319711723459e+02
8.536865841011427847e+02
8.546078864058194995e+02
8.550966165831514445e+02
8.556351151554511034e+02
8.573826823938613870e+02
8.578472478218749302e+02
8.586327943888043137e+02
8.600866626129303540e+02
8.608816206862037461e+02
8.616924580536243639e+02
8.629869027454749357e+02
8.635549820561266188e+02
8.641563101311147648e+02
8.647143295089028925e+02
8.675700527312856138e+02
8.680609011388939962e+02
8.684463127568792515e+02
8.706980664876617766e+02
8.711204636984512035e+02
8.723881583921545371e+02
8.735737319122415556e+02
8.741983773294075490e+02
8.754601078122761919e+02
8.767235249037687481e+02
8.780244845967524725e+02
8.794508251740998048e+02
8.797985896597801911e+02
8.804990850617607521e+02
8.809535842618736297e+02
8.822718179008425068e+02
8.826671571425332559e+02
8.837282010101533842e+02
8.843573791612611785e+02
8.851900631238024744e+02
8.862542259799059821e+02
8.864331227974832927e+02
8.872751204038877404e+02
8.878785719216969028e+02
8.901192057924513392e+02
8.911690015658068660e+02
8.924647175684563081e+02
8.933776899419801794e+02
8.945786307055267343e+02
8.949859581862795039e+02
8.968339746968052850e+02
8.987222750238190656e+02
8.994553405650584637e+02
9.008635178965187151e+02
9.018725511253365994e+02
9.020492787613079599e+02
9.037189127268991342e+02
9.040587951643933593e+02
9.062005439434067284e+02
9.068577620503984917e+02
9.070729491105456646e+02
9.083524380370888593e+02
9.097997660311511936e+02
9.103800578114971813e+02
9.116302745430833738e+02
9.123410458144446693e+02
9.130347934874893099e+02
9.135797130989597008e+02
9.158420267886840520e+02
9.169069555194189434e+02
9.177544961105816128e+02
9.183259803038329210e+02
9.186023329001546927e+02
9.196750153208884058e+02
9.205814005593738329e+02
9.214723441427518082e+02
9.227438787239755129e+02
9.237555190009302351e+02
9.243435024547529792e+02
9.252199241968294245e+02
9.270161748759990132e+02
9.281820375054694523e+02
9.288265462497215594e+02
9.290767472964605531e+02
9.301448333914592013e+02
9.316336091697287429e+02
9.326702144439032054e+02
9.337113356932457009e+02
9.344293466747855064e+02
9.352311169757502967e+02
9.368404310882087884e+02
9.387982119621794936e+02
9.395574181190556828e+02
9.403908897404924119e+02
9.410159525310368736e+02
9.420550376324733861e+02
9.434287809345863707e+02
9.456832543800192070e+02
9.460230273205686444e+02
9.463267765906466593e+02
9.470394940410353684e+02
9.476599393066135235e+02
9.487965083705543066e+02
9.496404209784758450e+02
9.509994141026688794e+02
9.526091845202581680e+02
9.527755464079464218e+02
9.533789831092111626e+02
9.541322211592690792e+02
9.560739517074107425e+02
9.575922533542579913e+02
9.577656784548676114e+02
9.592024594372771844e+02
9.603078464498673839e+02
9.615814607187887759e+02
9.626479956029027107e+02
9.630848547774625104e+02
9.634027653425222297e+02
9.643793414589367785e+02
9.653821778002966312e+02
9.663204204462649614e+02
9.676906338394512659e+02
9.680132689340643992e+02
9.697027665606120763e+02
9.706729011430999208e+02
9.723537093175486916e+02
9.735884281408484640e+02
9.744299060221901527e+02
9.755525595978355113e+02
9.761422547197130370e+02
9.772077705393191991e+02
9.783213966126129435e+02
9.796429203217535360e+02
9.797803112959753662e+02
9.811779520569788247e+02
9.817640881195432030e+02
9.824962317271872507e+02
9.839791870323638250e+02
9.845792257684780679e+02
9.860162303581828382e+02
9.872221109529104979e+02
9.877313910031705291e+02
9.900166559931287793e+02
9.904679848521066106e+02
9.908440315214409111e+02
9.913193796803212763e+02
9.918278037161339853e+02
9.939965630992394381e+02
9.955727718971340892e+02
9.963304829511429261e+02
9.970456002063294818e+02
9.979518250637098618e+02
9.987701059665059802e+02
