3.974971164853400296e-01
4.996865552007534461e-01
2.440794966997657411e+00
2.693407442365696625e+00
3.688542184093307696e+00
5.603987050716625617e+00
6.287000096931421922e+00
6.858206315444704160e+00
7.542529399440411453e+00
8.846500231941888615e+00
1.029852760231642606e+01
1.078022460532707782e+01
1.236128991225621121e+01
1.297997510777707930e+01
1.431885773283943308e+01
1.501304615171233081e+01
1.538476054167819029e+01
1.682834215199630989e+01
1.756497359036387707e+01
1.830732800344179623e+01
2.026188461503613780e+01
2.110042573440074420e+01
2.271158599068633066e+01
2.389546181279450821e+01
2.415415305110860800e+01
2.502496152161626242e+01
2.601956363269857775e+01
2.640597939724307253e+01
2.848270550058106210e+01
2.946794973050151611e+01
2.976097764832269377e+01
3.082136797122285543e+01
3.193807774928876597e+01
3.282907501704750075e+01
3.420844096400207945e+01
3.448444824119462737e+01
3.601214966062548228e+01
3.669666066818138006e+01
3.796536015865922309e+01
3.933856023447805228e+01
3.992992674236330686e+01
4.116879486917116537e+01
4.135636222042603549e+01
4.321421607914504648e+01
4.378634405946337438e+01
4.556067782373810360e+01
4.600688373771691886e+01
4.681049715413581680e+01
4.785201879924329660e+01
4.899500836208466126e+01
4.940199653485746012e+01
5.046452360466503251e+01
5.183207044385903828e+01
5.313858926978087993e+01
5.338906338123774731e+01
5.493369764745085604e+01
5.549315790704326901e+01
5.689557194995450118e+01
5.889258681878658308e+01
5.991585263263459638e+01
6.074156067309297669e+01
6.185214874111005656e+01
6.248235894805515045e+01
6.408300640317423813e+01
6.458080907754998634e+01
6.589144808556574162e+01
6.598547655030250780e+01
6.658436761310855445e+01
6.791601606894704446e+01
6.938894050927081025e+01
7.018750426981097235e+01
7.071541653692969476e+01
7.151449529977287511e+01
7.162903628698700231e+01
7.390451368634876417e+01
7.484652133396502904e+01
7.587553051291234851e+01
7.635114789529234258e+01
7.807671758924374217e+01
7.877063616355411568e+01
7.977984833397476905e+01
8.022063439608979252e+01
8.175751236914834408e+01
8.220989524024759021e+01
8.304027387451526465e+01
8.570069653250641295e+01
8.612940964594173465e+01
8.657490786708376618e+01
8.712034434974549413e+01
8.838602415105049204e+01
8.891774930094936735e+01
9.103156483946776234e+01
9.233764235263441833e+01
9.413149993731923360e+01
9.442107588737627566e+01
9.557426695806367434e+01
9.602573474269667031e+01
9.669997200332835519e+01
9.838199424393349091e+01
9.959678502640980469e+01
1.008525675053644477e+02
1.011949557199548053e+02
1.019271177013892498e+02
1.032175314665883548e+02
1.037787465844241979e+02
1.052433195626859970e+02
1.069795491927442868e+02
1.082320798269657303e+02
1.101789316079185710e+02
1.110927518562170349e+02
1.114719356060417681e+02
1.116559001792857089e+02
1.119316590381302490e+02
1.131592602475799367e+02
1.144368302520941256e+02
1.150169157120079149e+02
1.156884299227713768e+02
1.164570573374396076e+02
1.168464172382255128e+02
1.175241347090081376e+02
1.187722157193462635e+02
1.197079772557402748e+02
1.206207750613561416e+02
1.219813242265017266e+02
1.229447708279203653e+02
1.245657515603729166e+02
1.265875458944635739e+02
1.270523674766251929e+02
1.276793531147869203e+02
1.283304422446981334e+02
1.290642821194292651e+02
1.309036405303169772e+02
1.323910975249518174e+02
1.325844975552166716e+02
1.327975100351567335e+02
1.334270889279735002e+02
1.353069143517064958e+02
1.358758452922312472e+02
1.376609556909388630e+02
1.388556479060703168e+02
1.399112739375739807e+02
1.413389449036835117e+02
1.423955633558028921e+02
1.438444659418997276e+02
1.441492931003086255e+02
1.455442574112521470e+02
1.467992853425188855e+02
1.474683011663375964e+02
1.492666141511890032e+02
1.497517153601256723e+02
1.502323294646261616e+02
1.509956965264609607e+02
1.531260433791601372e+02
1.540834815203053267e+02
1.547593281479191774e+02
1.559151057592623033e+02
1.571880578380610132e+02
1.592728838081887943e+02
1.598733268444438522e+02
1.599676200971592834e+02
1.610406106481786992e+02
1.616652135958339613e+02
1.620407854889334089e+02
1.625880731627617024e+02
1.645426117348058028e+02
1.648731244413203285e+02
1.652340057913370970e+02
1.663688166107600637e+02
1.672880050012727224e+02
1.682296810062198915e+02
1.697519226764712243e+02
1.699462817296411004e+02
1.710549864663217363e+02
1.718719715793135379e+02
1.740837775238839527e+02
1.742977648752676032e+02
1.755173296732753556e+02
1.759485572185761271e+02
1.763949847944265912e+02
1.785617753551003943e+02
1.795632959524000398e+02
1.797479061988825038e+02
1.816139380766912836e+02
1.822839526653012854e+02
1.831267619602626837e+02
1.838737607979145423e+02
1.853016144582224456e+02
1.861897530114423489e+02
1.871773909049398981e+02
1.892451708164209094e+02
1.901578021926707720e+02
1.909821536492392511e+02
1.919432058346554300e+02
1.930645742973878782e+02
1.933477238329796251e+02
1.944971709205753996e+02
1.963207627828150521e+02
1.974208335794601794e+02
1.988253324481563595e+02
1.994679707821160264e+02
1.999557912514413260e+02
2.013453821095849889e+02
2.025856213335158031e+02
2.039329035584326562e+02
2.047688944990737241e+02
2.061621320445379411e+02
2.079971561213760083e+02
2.088490735070212168e+02
2.106474921044321036e+02
2.109753580119116236e+02
2.114382458368754669e+02
2.116523459969045007e+02
2.122603506906436905e+02
2.136167989091791810e+02
2.139484739682715144e+02
2.148033800834462568e+02
2.157373215680387943e+02
2.168031681781901625e+02
2.173519208479841041e+02
2.187282400098315804e+02
2.197810717203196589e+02
2.206143321815683578e+02
2.219493276285843990e+02
2.227839187527456772e+02
2.231909728619818623e+02
2.242826427465939787e+02
2.258575135169743646e+02
2.269048073776380932e+02
2.275592174663629521e+02
2.288738438435561591e+02
2.295718939282120630e+02
2.302161286214183349e+02
2.312142115237190865e+02
2.322830020481145539e+02
2.325811375646097190e+02
2.336168555148817063e+02
2.352709023208244616e+02
2.359518010780234079e+02
2.371582139409006516e+02
2.384763747373823719e+02
2.394887468034510221e+02
2.407370271370048727e+02
2.420905241878862455e+02
2.425452881540585111e+02
2.439080236533302184e+02
2.445991930768813347e+02
2.463740739742580956e+02
2.473967165169474072e+02
2.485361474511458084e+02
2.487447262839345115e+02
2.504767615024468057e+02
2.509349307093102084e+02
2.519400117681946085e+02
2.526361156166443038e+02
2.536172446325753924e+02
2.553371570460728890e+02
2.560533172483385442e+02
2.571546288461656786e+02
2.585261761455766418e+02
2.604683538187600789e+02
2.620511080935532391e+02
2.625873246624199737e+02
2.633997958661525445e+02
2.640549194393486232e+02
2.662926854010136708e+02
2.665497540971408625e+02
2.667872993603615441e+02
2.677864387681848370e+02
2.684103085941722497e+02
2.689677137767282602e+02
2.702218201918326486e+02
2.706514298550864623e+02
2.718738922180447730e+02
2.720906317515586466e+02
2.735626027304130048e+02
2.750818740024533327e+02
2.754870197147345152e+02
2.762921532877766140e+02
2.770588018099890633e+02
2.776625604602621706e+02
2.785623777042704887e+02
2.798178613191619206e+02
2.823194687730383521e+02
2.825806035122687945e+02
2.836179290649897666e+02
2.847330164916734816e+02
2.854458542563305627e+02
2.862852547878258065e+02
2.876734009629351476e+02
2.886335297941227509e+02
2.900204735304703263e+02
2.903431724454904383e+02
2.908017065508696533e+02
2.920663960658978908e+02
2.937627070426126465e+02
2.944196419403918981e+02
2.960827895674026422e+02
2.964441878085785333e+02
2.974224454506064603e+02
2.982411552412815468e+02
2.990137102086479217e+02
3.006837170790335563e+02
3.022891759154513238e+02
3.035513893561160330e+02
3.049086980100841515e+02
3.054942351187877421e+02
3.063896719399597828e+02
3.072242854062176320e+02
3.076530738129297333e+02
3.092898701078894419e+02
3.097756820019712904e+02
3.119225905473856528e+02
3.122824108125015528e+02
3.140067011556498073e+02
3.152029553600577287e+02
3.164200192687931121e+02
3.171728772120428061e+02
3.182305865328526124e+02
3.188032112117345491e+02
3.193315855479739866e+02
3.219136106284064454e+02
3.227405783931831138e+02
3.238500019378498678e+02
3.244115686100993798e+02
3.253415112305067396e+02
3.254165250379201098e+02
3.259254764272858438e+02
3.265417015784578325e+02
3.278525898214550693e+02
3.292561302364617859e+02
3.297251060547101815e+02
3.299573751269141439e+02
3.313112391087702804e+02
3.321360480073076360e+02
3.341246659608825098e+02
3.349526488033951637e+02
3.351279244006213958e+02
3.365424531033729636e+02
3.374097900649944677e+02
3.381298847009504698e+02
3.396753452146470522e+02
3.404763714141570290e+02
3.412824002168795232e+02
3.417245763254255166e+02
3.436157593043928955e+02
3.448498026865339625e+02
3.453766858125484873e+02
3.460564395240471640e+02
3.464292435196902034e+02
3.476297986536678764e+02
3.488643503932490830e+02
3.498334977569065813e+02
3.500027756051625829e+02
3.512704971379846484e+02
3.538948472409985584e+02
3.551183988035338643e+02
3.558020063870791319e+02
3.578064747257892577e+02
3.582029113201597852e+02
3.590772345283825189e+02
3.596752223721947530e+02
3.609361294625725805e+02
3.616374113622734399e+02
3.629075537825108313e+02
3.644147977337046314e+02
3.658483213785984844e+02
3.659665217773055019e+02
3.665551670250144412e+02
3.676669061758854582e+02
3.681976194394862318e+02
3.702611328457890636e+02
3.709081441995543855e+02
3.718871857275839261e+02
3.734048277926888773e+02
3.749583261743840126e+02
3.769003488711336445e+02
3.773299048719568987e+02
3.788382832562831481e+02
3.799785411224634686e+02
3.810798240161615240e+02
3.812468201686157272e+02
3.819638416239943126e+02
3.838490773296323937e+02
3.843569102691792523e+02
3.857099792396011253e+02
3.866419798627383670e+02
3.869118568806469511e+02
3.876873067018108827e+02
3.880140653002405315e+02
3.886749934742429105e+02
3.898155482731131087e+02
3.904794920749871494e+02
3.916444440609490130e+02
3.919237038198295409e+02
3.933027667060097201e+02
3.942925409841244573e+02
3.959139223108057308e+02
3.965061319999352918e+02
3.974699076434612266e+02
3.984260790871128393e+02
3.996472688999640468e+02
4.013373524372938164e+02
4.023646491886058243e+02
4.030544991683859735e+02
4.035194753146205926e+02
4.039863151932491974e+02
4.051380871532992387e+02
4.064529761009945332e+02
4.070030898416346758e+02
4.083507238195853120e+02
4.087969558175545899e+02
4.101862868627168837e+02
4.102832028251407337e+02
4.119435185996944142e+02
4.135486646359121892e+02
4.137606752712630396e+02
4.156195092486094040e+02
4.165770586897329508e+02
4.177642100858672052e+02
4.187984289069652277e+02
4.198516506078167367e+02
4.205734188136120792e+02
4.208793768543287115e+02
4.221987846951909660e+02
4.229623276813803159e+02
4.258786528838407435e+02
4.264829516547627009e+02
4.270597603543527612e+02
4.283137514390646174e+02
4.293540948136430870e+02
4.299898267150833817e+02
4.307736694324942732e+02
4.314808832947344399e+02
4.323668328045627618e+02
4.344770759015206067e+02
4.357897958390149142e+02
4.370311561731227243e+02
4.381361950496863074e+02
4.384720950816617346e+02
4.399911887719856054e+02
4.402659743192003248e+02
4.416526344910949433e+02
4.420054743085779023e+02
4.436300782055195100e+02
4.448413735607044828e+02
4.464413771840347636e+02
4.483409231543764690e+02
4.494461113664207801e+02
4.497779002163985069e+02
4.501093391120709839e+02
4.511336966527081245e+02
4.520635615090228612e+02
4.522696449531587746e+02
4.526969748987445428e+02
4.536765183293488235e+02
4.549174257685606904e+02
4.555555221126956553e+02
4.558790507464638040e+02
4.568727070735136522e+02
4.594105366798154364e+02
4.604414754865688337e+02
4.607969929008054351e+02
4.608854003069826604e+02
4.628727932566071672e+02
4.636920237550925208e+02
4.638717780667285524e+02
4.652025286991602115e+02
4.661554569627931528e+02
4.670064613332514796e+02
4.684231362027431373e+02
4.693077119759724383e+02
4.700748864068688135e+02
4.712702280063948592e+02
4.730728216425295045e+02
4.736658569820662024e+02
4.752282525610470998e+02
4.754966056694451595e+02
4.756679448553432508e+02
4.764876604232505883e+02
4.783395819948057692e+02
4.793222964767688836e+02
4.800391548787340525e+02
4.823041941267510424e+02
4.833191603389460056e+02
4.838233062688358359e+02
4.847486014087737090e+02
4.854192552579749531e+02
4.866435278594483407e+02
4.871025528485358222e+02
4.887599530337752185e+02
4.893053425921290227e+02
4.914250616885283307e+02
4.919832072234601696e+02
4.937557887619556709e+02
4.943601010599136885e+02
4.955755848214617458e+02
4.960229613096622643e+02
4.974945657798291450e+02
4.983823677791297655e+02
4.991574256412338855e+02
5.003537502786775235e+02
5.013937442319629554e+02
5.022787479480655293e+02
5.032718685851984901e+02
5.038700735707687954e+02
5.058212797689550939e+02
5.070201753344234135e+02
5.078915140618582313e+02
5.096548547197448329e+02
5.106616854504188723e+02
5.110112071513906358e+02
5.121392061192167375e+02
5.132116962819289938e+02
5.140568468569257448e+02
5.165814600579875560e+02
5.170293525827769372e+02
5.174250738984633244e+02
5.180668274411475522e+02
5.183564757121711182e+02
5.193593732908589118e+02
5.194123392013179910e+02
5.203320742844327924e+02
5.225585498963372402e+02
5.229168641951570180e+02
5.232239399229351875e+02
5.234732283454278559e+02
5.250293743517922849e+02
5.258441592766960184e+02
5.277274819792572771e+02
5.280555045136246690e+02
5.288825622362825243e+02
5.311470895699750372e+02
5.318536342393603036e+02
5.322023578836661954e+02
5.341843805646379906e+02
5.349427385350242048e+02
5.354234361315909609e+02
5.363587518683541475e+02
5.366851820031947682e+02
5.372955913856894767e+02
5.382095501075550601e+02
5.411291520417262291e+02
5.415851146239737091e+02
5.424632095494262103e+02
5.425844203494626754e+02
5.441393761028278959e+02
5.446725034799139848e+02
5.460808505354847284e+02
5.467409480192931142e+02
5.476570659883473127e+02
5.488758371243093279e+02
5.506558350600946596e+02
5.518468498062840126e+02
5.524092984572018850e+02
5.527537180600572810e+02
5.542862208083873838e+02
5.567377733117241405e+02
5.572212392939351275e+02
5.579132716168735442e+02
5.599760877731253004e+02
5.602596065846973943e+02
5.618695437706242046e+02
5.623744103235749208e+02
5.631165580414470924e+02
5.640942427160697434e+02
5.645496310990951088e+02
5.658163273993353641e+02
5.677620276243676471e+02
5.681913602059607911e+02
5.690219909030495273e+02
5.703191093763036861e+02
5.712161416719623048e+02
5.722748782299410095e+02
5.729738178906742405e+02
5.749787145977592218e+02
5.758788299108273350e+02
5.769730733789740498e+02
5.774552424495082050e+02
5.803345059579011149e+02
5.811968552956839176e+02
5.815073275512908140e+02
5.823034738541406341e+02
5.843049523399294003e+02
5.858017560514235811e+02
5.858606758313592309e+02
5.872376029882049124e+02
5.873669071446208818e+02
5.879358806244497373e+02
5.886764379780082663e+02
5.894522633626788775e+02
5.897192570807904985e+02
5.907206191015478680e+02
5.925622407247824412e+02
5.933758136924293467e+02
5.934881081693832812e+02
5.942892373511025426e+02
5.950206709928023656e+02
5.966167375999857541e+02
5.981734741670557014e+02
5.983074690118010039e+02
5.994793210824511789e+02
5.999428798775475116e+02
6.012161182940938033e+02
6.019184462228578241e+02
6.032515691758824232e+02
6.046582664621226968e+02
6.051236857030469309e+02
6.056991874535384568e+02
6.072960280259101182e+02
6.086688179018238998e+02
6.091360541482026747e+02
6.104015354936210542e+02
6.109603925887424793e+02
6.129008991122117322e+02
6.132328926359939487e+02
6.141821591062182506e+02
6.148981249795526765e+02
6.161712444656095613e+02
6.172570768958851204e+02
6.182411167669813494e+02
6.190695517212036521e+02
6.201864841972968634e+02
6.207686029514163693e+02
6.220516948668309851e+02
6.232704075407414166e+02
6.239918989643192617e+02
6.247574394534661906e+02
6.264944681850133748e+02
6.275490641936307838e+02
6.287782332592388457e+02
6.295503326003233724e+02
6.299506526089572844e+02
6.319240621468220525e+02
6.334100584520683697e+02
6.336786415072998579e+02
6.350174063660509773e+02
6.361221303305375159e+02
6.367363792222165557e+02
6.377776822217672361e+02
6.384394731138365842e+02
6.396569441224359025e+02
6.406420727286935062e+02
6.429233168501989439e+02
6.433662292432587719e+02
6.450350361789362523e+02
6.455692298484067351e+02
6.472285538085469625e+02
6.475599860273762260e+02
6.492166099662549641e+02
6.506484670727394359e+02
6.507513022113629404e+02
6.520268585904830161e+02
6.532770040250782131e+02
6.552743089601082147e+02
6.558746621936696783e+02
6.564744508816054349e+02
6.576695009062049166e+02
6.582934117448742199e+02
6.596947749036638697e+02
6.604236834467199060e+02
6.605871096195803602e+02
6.624516192067494558e+02
6.628223208018000605e+02
6.631327114848022575e+02
6.644639840574380969e+02
6.650536059277687855e+02
6.658505362188585650e+02
6.666076304616726702e+02
6.679680496846917777e+02
6.692285906983095174e+02
6.700963487847119495e+02
6.706337084830112190e+02
6.711865333548997796e+02
6.730901081966360380e+02
6.735880231236008058e+02
6.747699393392556431e+02
6.755039840756088552e+02
6.769181803637253552e+02
6.776814917891196046e+02
6.788372271527516659e+02
6.791232261999913362e+02
6.798831151602269074e+02
6.816161679993265352e+02
6.828070069603396632e+02
6.836518084812255438e+02
6.848637170141234947e+02
6.856186805619463485e+02
6.865296259451483820e+02
6.874765990804644389e+02
6.882185989192450961e+02
6.898359351798401349e+02
6.903053518577141858e+02
6.905296610713526206e+02
6.917544774087241422e+02
6.925399052905746657e+02
6.933803585252401263e+02
6.954526524005257215e+02
6.960980972436509546e+02
6.970217816967201543e+02
6.986948708615504984e+02
7.000363835048581223e+02
7.013101545694946708e+02
7.016578622313691085e+02
7.020104488565608563e+02
7.028889865126187715e+02
7.039325604710969628e+02
7.063674810488948879e+02
7.071231001955550255e+02
7.082520352832934805e+02
7.093158392735900861e+02
7.099648245917877603e+02
7.104461366600933161e+02
7.114674517060159360e+02
7.116609503131650172e+02
7.139500994235120288e+02
7.148306525661944306e+02
7.160521682692537979e+02
7.171016519798970421e+02
7.181706031327263418e+02
7.193574936618332458e+02
7.206937017259639333e+02
7.210050201238677801e+02
7.217156447296740680e+02
7.225078567957001496e+02
7.249569786426238807e+02
7.267433683674748863e+02
7.277151502054293815e+02
7.280777027394476590e+02
7.292782508295888420e+02
7.297597003301700624e+02
7.309420669694970911e+02
7.317732792009562672e+02
7.346738871681043292e+02
7.348128698986888594e+02
7.355667156987165072e+02
7.360480247719324325e+02
7.370689841429939406e+02
7.379513477013645115e+02
7.384602471658429295e+02
7.388484348237076347e+02
7.404567698658097470e+02
7.414938534619434449e+02
7.420916072720101511e+02
7.423698869169535328e+02
7.436224665636516420e+02
7.454013640744983604e+02
7.458299064477899947e+02
7.472705254887896444e+02
7.480159474830545605e+02
7.487444897474447316e+02
7.490322940197215758e+02
7.492369767571340162e+02
7.510691773085986824e+02
7.529650253628417431e+02
7.539235447331043360e+02
7.551857866622497113e+02
7.555922524290824640e+02
7.558252005804521332e+02
7.575930861484363277e+02
7.582892815661743953e+02
7.602843423317867746e+02
7.604973252670769170e+02
7.616274815893899586e+02
7.627338418188885498e+02
7.635183036759767674e+02
7.642436378758263800e+02
7.659407176286558752e+02
7.670572570619244743e+02
7.673768215497381107e+02
7.680623211873096352e+02
7.683236375270503231e+02
7.718601129059397863e+02
7.722532010698321301e+02
7.730299001437520019e+02
7.737148553663148505e+02
7.745073827132870292e+02
7.754428102410690826e+02
7.762999800814707214e+02
7.771314487095473851e+02
7.786218706909166940e+02
7.801814186223882643e+02
7.820050119217128213e+02
7.825464546378821069e+02
7.828151690929031474e+02
7.836198478206367781e+02
7.846445203277341989e+02
7.854266728718509967e+02
7.862375803251288744e+02
7.873094446959161132e+02
7.882959024555500491e+02
7.895641362159698247e+02
7.906994453039612836e+02
7.914495546269552051e+02
7.935277385999852413e+02
7.941934244656982855e+02
7.952049912368838704e+02
7.965029993229557022e+02
7.977249845430361574e+02
7.982437515393671674e+02
7.992346415803910986e+02
8.006106714175484740e+02
8.017002156394005397e+02
8.023740340055327351e+02
8.033510879854285349e+02
8.047454184955469145e+02
8.052697825075763376e+02
8.062876883873275347e+02
8.077145208621925576e+02
8.092702837741956046e+02
8.103556855824867853e+02
8.114299889882086063e+02
8.117227002688456423e+02
8.127251964070602526e+02
8.141807096555385215e+02
8.150087064766591993e+02
8.155726711423944835e+02
8.164290284450905801e+02
8.167173217156605460e+02
8.178780939714517899e+02
8.184812619716117297e+02
8.198579898814946318e+02
8.205726848057345251e+02
8.216238853037963281e+02
8.231838094110732982e+02
8.236736398094676588e+02
8.253793347399916911e+02
8.260618964196530669e+02
8.263422955732851278e+02
8.272915417484721274e+02
8.277774026435729411e+02
8.288640824300393888e+02
8.305482783052623290e+02
8.313831364341317567e+02
8.323552833328092220e+02
8.335861790629944608e+02
8.341523893053201846e+02
8.348573932461054028e+02
8.371045836646017051e+02
8.387730372057753812e+02
8.390991350550591505e+02
8.397655106094289295e+02
8.410250535541541694e+02
8.419180884720461790e+02
8.422079978251422290e+02
8.438154442643726725e+02
8.448745954271848859e+02
8.459765573363129079e+02
8.462961944131911878e+02
8.475549168818648695e+02
8.482669477092786110e+02
8.495934425921254842e+02
8.511141310915990061e+02
8.527041444354817941e+02
8.536993574005941809e+02
8.544614723354191028e+02
8.546360683447178417e+02
8.563340981910150731e+02
8.573710827140785113e+02
8.580521124937461082e+02
8.590203450018534568e+02
8.600973564879545847e+02
8.613651569508026569e+02
8.623444623051575491e+02
8.626888975414597098e+02
8.643996185875703304e+02
8.654580087753145108e+02
8.660288841058351181e+02
8.664893877039502286e+02
8.679037140948557862e+02
8.689555695205192478e+02
8.703722151923939236e+02
8.710204716936129898e+02
8.719015295669585157e+02
8.730958631937179462e+02
8.742757295519431864e+02
8.752130898058485400e+02
8.754467648426775668e+02
8.775873337811292458e+02
8.777826536061975276e+02
8.797639753083813048e+02
8.799806897017933807e+02
8.808504796572599389e+02
8.815143436702649069e+02
8.821718828626582081e+02
8.840375836443809021e+02
8.851769529949185653e+02
8.859213719387958008e+02
8.873660968608653548e+02
8.886646534320093451e+02
8.894020649906689187e+02
8.904542625463692502e+02
8.916506703584684601e+02
8.929493105977314826e+02
8.941666509488201200e+02
8.946369118587565481e+02
8.949024300172579842e+02
8.961881384840628471e+02
8.971167422846644968e+02
8.978920814916779136e+02
8.997000028637987725e+02
9.003223140961537183e+02
9.014073756047824872e+02
9.020783756841600507e+02
9.028213345270421541e+02
9.032263180538079723e+02
9.033884068753141037e+02
9.045674463587896525e+02
9.061821460847670551e+02
9.071767987373823416e+02
9.078583125904208373e+02
9.091509934704836269e+02
9.099968151735356514e+02
9.114263063797502582e+02
9.120966754971504997e+02
9.129679325833683379e+02
9.153809965968268898e+02
9.163637272898487254e+02
9.167309396684388503e+02
9.175669962082188249e+02
9.189210326696656921e+02
9.200163359512698662e+02
9.217261947217200486e+02
9.228253672655444007e+02
9.239107662822733573e+02
9.246049874442809369e+02
9.252939060002174756e+02
9.265246590015624406e+02
9.276558598355234153e+02
9.287622663971997099e+02
9.296897439049685090e+02
9.298428863574116576e+02
9.310510795624303455e+02
9.332229372494156223e+02
9.337157962306124546e+02
9.344225377986776948e+02
9.352155888715341234e+02
9.357518343401682159e+02
9.366708219729475786e+02
9.368752866971785807e+02
9.382768615376489834e+02
9.401173974190631952e+02
9.416472992995151117e+02
9.420605525913510974e+02
9.428997404352558078e+02
9.435080060977718404e+02
9.448933060989375008e+02
9.456523503982689363e+02
9.470078275957278038e+02
9.477584948406928333e+02
9.487254372634561150e+02
9.496000493811422984e+02
9.505264990704808952e+02
9.518958856113432603e+02
9.530185322012968072e+02
9.536276755760291053e+02
9.550710391886099160e+02
9.565452099391347929e+02
9.570065274562120976e+02
9.578462290527302230e+02
9.591205596762652021e+02
9.608064708021813658e+02
9.615171058415270409e+02
9.620590723694829194e+02
9.625481486237769104e+02
9.633548004342214881e+02
9.640261805433044628e+02
9.657753873500146256e+02
9.669981492691420044e+02
9.681692815165686170e+02
9.690513125328754995e+02
9.704326376019344025e+02
9.707665097023501630e+02
9.723128638215921455e+02
9.732584445566585600e+02
9.747553783762380135e+02
9.751240354884978387e+02
9.758374898233886370e+02
9.782049694301026648e+02
9.782848631362719516e+02
9.792965822336741439e+02
9.797770222684487180e+02
9.806460299464145010e+02
9.819360764274914573e+02
9.828108686712453164e+02
9.838420924390509299e+02
9.846136680732456625e+02
9.857012872004013389e+02
9.860489437728213034e+02
9.873687967542280148e+02
9.890163832923649352e+02
9.894459579680817569e+02
9.908751214247590724e+02
9.926926569232971360e+02
9.934646567030870301e+02
9.944806029258857052e+02
9.952669799688749208e+02
9.959494383019618908e+02
9.972394635075968381e+02
9.982325821719841770e+02
9.984004192235031496e+02
