4.482625124277888062e-01
4.828734582683296139e-01
2.373155487284691390e+00
3.433675867086321887e+00
3.815522554017945822e+00
4.626973382235064491e+00
5.003219190606444045e+00
7.878760806907962433e+00
8.401482543730139696e+00
8.887466952202089487e+00
9.398620410104570055e+00
1.161002789571853100e+01
1.206505666621364981e+01
1.366390888106445800e+01
1.391814682216852361e+01
1.488357385178403547e+01
1.625291598729984344e+01
1.645034003075016926e+01
1.770787273045391430e+01
1.870129216156630036e+01
1.932998955825570420e+01
2.093449382547561299e+01
2.249092752028008135e+01
2.301373930443463678e+01
2.362607074664538231e+01
2.541653188105868821e+01
2.625173241940427715e+01
2.704624874376941079e+01
2.794576205478426800e+01
2.821091685699457230e+01
2.952541140035026501e+01
3.182942171257627706e+01
3.290926828681324423e+01
3.388435969541023951e+01
3.448916776290280950e+01
3.495195522733428106e+01
3.620813319058959223e+01
3.655431093894122796e+01
3.730401749148990120e+01
3.780415273071588445e+01
3.909991342524529045e+01
4.139109017028562221e+01
4.264480321419301845e+01
4.385259975361003626e+01
4.413140469044225256e+01
4.548791517179364519e+01
4.630516662776022940e+01
4.716584312294054371e+01
4.759867375701190895e+01
4.892460368853016917e+01
4.984663649469365510e+01
5.052053098100526540e+01
5.115282243353459535e+01
5.173356102751711205e+01
5.404847341908845237e+01
5.545452817339560170e+01
5.556419515525419683e+01
5.722642944907676110e+01
5.791721601180950074e+01
5.925172295236052378e+01
5.958265142179811846e+01
6.098196722176533058e+01
6.344920087055891145e+01
6.349924125090734606e+01
6.371330189687716938e+01
6.497018194536428837e+01
6.624756523855614887e+01
6.716134533717155364e+01
6.766282107777402643e+01
6.883400389732798885e+01
6.966937011992689577e+01
7.125848578850207105e+01
7.198450692964053133e+01
7.314754426015844047e+01
7.440451192008981707e+01
7.581277578817264384e+01
7.680746381296006575e+01
7.735422982575141759e+01
7.791710002595578999e+01
7.932794598214525195e+01
8.037011069054852896e+01
8.119004749076628968e+01
8.160417646642099498e+01
8.298107948385597865e+01
8.345585873227781804e+01
8.449908441638206114e+01
8.507068635869029549e+01
8.572921932878836060e+01
8.754582193071195206e+01
8.799983062492384533e+01
8.930578771242852554e+01
8.951461896380067174e+01
9.152627105476796032e+01
9.408191037125664025e+01
9.552744871897380108e+01
9.597240068552986259e+01
9.651011275525678457e+01
9.705217833317647091e+01
9.801226258905495570e+01
9.884633405808301632e+01
1.006514372177424548e+02
1.013078483222350314e+02
1.019975941643233455e+02
1.030304176533387590e+02
1.043917648194309891e+02
1.052775591852935122e+02
1.057814484109974273e+02
1.073601138374561401e+02
1.078134448225376900e+02
1.082786061462394969e+02
1.104288692136354939e+02
1.114617769429063401e+02
1.117553756696661935e+02
1.127228039903573631e+02
1.134184215623257614e+02
1.154965659244530798e+02
1.156072055548810340e+02
1.160675348038752190e+02
1.178679068278435693e+02
1.186724600918323631e+02
1.201749139153938017e+02
1.212973469342471162e+02
1.218739582883280264e+02
1.231943680435088027e+02
1.236353560876386837e+02
1.257948003865334385e+02
1.258721761827923160e+02
1.275097250400493181e+02
1.279271372019845785e+02
1.298046539999057813e+02
1.300949941650953861e+02
1.314412237415635332e+02
1.329978711138575136e+02
1.331944536699861601e+02
1.343711629204732390e+02
1.345570508396162950e+02
1.359067269699254439e+02
1.367254176272953714e+02
1.382370984391767479e+02
1.386234318541893913e+02
1.395680757497432296e+02
1.411189112413935050e+02
1.414716153622801471e+02
1.419608674878113561e+02
1.424818442021141891e+02
1.444629030235682876e+02
1.453996259132107411e+02
1.475304447847848905e+02
1.478232476210881146e+02
1.487956080856134804e+02
1.503752604706698435e+02
1.508751587647590782e+02
1.513531168616547689e+02
1.523754596514511377e+02
1.538207344172363946e+02
1.550087186763520322e+02
1.571235242261913072e+02
1.581363987672178837e+02
1.582288327428773300e+02
1.586250248624781420e+02
1.595291845145821981e+02
1.614344609399565798e+02
1.625127147377905317e+02
1.637807463390860789e+02
1.645167480308219297e+02
1.654169180326352375e+02
1.661864052802005176e+02
1.670520110919800914e+02
1.676986633643912796e+02
1.686676924781034472e+02
1.704419312912455666e+02
1.716155056680503890e+02
1.718330941717003384e+02
1.738594011176463141e+02
1.746131476523000288e+02
1.754477620574417074e+02
1.759436169766034936e+02
1.768378104751357114e+02
1.781105760251030006e+02
1.790443805253588039e+02
1.799460263632236092e+02
1.807887808115683015e+02
1.825173630483777742e+02
1.830540519368668697e+02
1.836598152232730854e+02
1.842970508477488352e+02
1.848779369380583262e+02
1.859518124805743469e+02
1.875214847499758548e+02
1.879343210619990145e+02
1.889099384237368895e+02
1.906508566177445800e+02
1.915679949056381020e+02
1.930482734448815449e+02
1.937122762477753781e+02
1.946089111481272766e+02
1.964637061769682305e+02
1.969779293798604840e+02
1.985043322745059982e+02
1.990333835703991099e+02
2.005519112280247214e+02
2.013554342056385735e+02
2.028684917805349528e+02
2.032246812566284007e+02
2.043423995484786246e+02
2.052950990648956235e+02
2.055471028576650951e+02
2.075381786686016312e+02
2.081468870356720231e+02
2.106852966783685588e+02
2.110750056644646975e+02
2.116486421562239002e+02
2.127607585205935834e+02
2.130437023190521018e+02
2.144332644742294747e+02
2.152508556164564766e+02
2.164933603418310213e+02
2.170042906359327048e+02
2.178073392631097249e+02
2.186830007682821133e+02
2.194683982235043800e+02
2.201029477069786822e+02
2.209851333053100575e+02
2.217398802582212625e+02
2.229427150039838352e+02
2.238320448195594849e+02
2.250361099266943370e+02
2.265646618641283112e+02
2.276680422862345949e+02
2.285776636826689128e+02
2.298806393703243316e+02
2.310654404516731120e+02
2.320188804423736997e+02
2.324426296002948220e+02
2.344428868899247504e+02
2.345524428554257383e+02
2.356440337430879595e+02
2.366749609253065501e+02
2.371940809469446663e+02
2.379988864034104381e+02
2.400931231539038890e+02
2.413047325296301437e+02
2.427643659133991605e+02
2.435509029158429257e+02
2.451158937411042302e+02
2.459092543622845710e+02
2.462856733774931683e+02
2.482020934623222956e+02
2.495662883702960357e+02
2.500653941167728078e+02
2.507821281145886019e+02
2.516663508364347592e+02
2.519161159760259068e+02
2.528068815741511912e+02
2.537879084726139354e+02
2.549889850259570778e+02
2.555991198547192766e+02
2.576865835226170134e+02
2.579646267008665745e+02
2.603798157741081241e+02
2.614828964033922603e+02
2.621896123245972490e+02
2.627940966344541494e+02
2.639751701174017171e+02
2.647960304803040685e+02
2.654073959616529237e+02
2.661281891813819129e+02
2.667678952428544790e+02
2.671332085726197647e+02
2.679017817825822476e+02
2.695291159776932659e+02
2.698020768778657157e+02
2.712132180572460243e+02
2.714033823367019522e+02
2.729958946584957289e+02
2.740398128876827286e+02
2.741961994861753737e+02
2.761765224592240884e+02
2.782126785041471635e+02
2.783174454851292694e+02
2.796399258328311817e+02
2.799272079790330281e+02
2.809820936230010489e+02
2.822544788265146281e+02
2.835529695112031163e+02
2.844605211929074358e+02
2.855195945533160966e+02
2.864247315533147002e+02
2.873821049405293593e+02
2.888153112982477069e+02
2.911188222848959413e+02
2.913494316128438868e+02
2.924382712619582207e+02
2.936196216019588974e+02
2.944866138307319829e+02
2.955653226395028241e+02
2.968253618473808046e+02
2.974303734304417048e+02
2.984818224153078745e+02
2.992248944162263342e+02
2.997039632453240188e+02
3.006658064210242856e+02
3.023921478214356853e+02
3.037961833888382444e+02
3.040789313989705533e+02
3.053596770988253866e+02
3.062047985902448772e+02
3.067012457225678190e+02
3.084800032892114814e+02
3.102474416991840371e+02
3.112991816005679198e+02
3.117621869911711769e+02
3.121876795848723987e+02
3.131306643377588443e+02
3.143560333492826544e+02
3.149061571279544296e+02
3.157394746134286834e+02
3.169543744304239112e+02
3.171206845814024859e+02
3.188878325881314595e+02
3.193738940036778331e+02
3.204697660650462581e+02
3.212534884323123379e+02
3.230601789751606248e+02
3.244533979048699166e+02
3.258999260641245428e+02
3.261878223530424634e+02
3.274071628644087468e+02
3.283758297741313186e+02
3.291031292324743731e+02
3.296624533435971784e+02
3.310798335242910753e+02
3.324231073731974107e+02
3.329387066988595052e+02
3.343013259488323001e+02
3.348204651314824787e+02
3.358901614133103521e+02
3.372056538835956303e+02
3.386156816893033010e+02
3.393409357063038101e+02
3.402231418152919105e+02
3.405831533255068848e+02
3.413489079710752776e+02
3.426017437819125462e+02
3.437113128285500352e+02
3.454248433802526961e+02
3.457671452723205903e+02
3.470581074039096166e+02
3.475685565628600671e+02
3.483781225431863504e+02
3.486892572868465550e+02
3.497696670561169299e+02
3.516689696825831675e+02
3.524718086489498319e+02
3.538616781127741433e+02
3.553149830185603832e+02
3.563452247179072288e+02
3.571023740805101738e+02
3.584949139204802577e+02
3.588775167711185645e+02
3.601649878018295112e+02
3.605951282586293019e+02
3.613587757243143983e+02
3.627276877916228273e+02
3.629271530981803835e+02
3.631916309080849032e+02
3.654077042404259714e+02
3.668061116480655528e+02
3.670499520308537740e+02
3.691372637582916241e+02
3.705499660403073676e+02
3.708838527990237708e+02
3.724705609289995891e+02
3.733119806763417046e+02
3.746616253325533989e+02
3.751543613170364324e+02
3.762483020019726041e+02
3.773265484806272525e+02
3.783196297943483160e+02
3.791974895583961711e+02
3.796621417264005913e+02
3.806382990030592168e+02
3.820181366432007053e+02
3.827648226665110656e+02
3.842230001712308649e+02
3.851675716420032813e+02
3.852583762959712885e+02
3.887560231273942009e+02
3.891569539335565082e+02
3.906153652021868652e+02
3.909758070542848145e+02
3.922954113109180980e+02
3.923303407621764904e+02
3.933585212087190257e+02
3.944291564825400087e+02
3.951278295680086217e+02
3.962091673789421407e+02
3.966317001366955992e+02
3.981842581580622209e+02
3.997832907974632235e+02
4.001888021560961306e+02
4.011037339609417813e+02
4.027906159785848104e+02
4.033715751194457653e+02
4.041652887499499798e+02
4.055006209169869180e+02
4.071609361073554965e+02
4.085648940075793121e+02
4.088387372085267089e+02
4.095044343700113245e+02
4.099067229961979137e+02
4.107518394195983547e+02
4.119423932671503508e+02
4.125580056499725856e+02
4.135501678032948121e+02
4.140933810841532932e+02
4.143927766834846693e+02
4.160496257973136949e+02
4.170031160430688715e+02
4.172920504184376114e+02
4.193264344836892406e+02
4.207257010522209839e+02
4.214224691980504076e+02
4.219076021980728797e+02
4.224443132286831997e+02
4.228153869124687958e+02
4.246236397401344220e+02
4.253104513736382160e+02
4.265618360531701683e+02
4.284668920489645529e+02
4.307152452631248707e+02
4.315320797014215941e+02
4.318620006812644192e+02
4.328540879244842472e+02
4.353191902434800227e+02
4.360750233010303987e+02
4.376761858456199548e+02
4.383611191385846269e+02
4.384649317253427512e+02
4.397187269618039522e+02
4.401919578250276004e+02
4.408353477410096843e+02
4.424954409609069899e+02
4.432086552170601408e+02
4.438486052064635032e+02
4.446052239238188122e+02
4.456133626615840626e+02
4.477201592327374442e+02
4.483363123104956571e+02
4.492862245040041671e+02
4.500510036945663046e+02
4.510238880912017976e+02
4.515190289887378867e+02
4.527681682016083187e+02
4.534611845258673952e+02
4.543847566256821437e+02
4.565198049145326991e+02
4.568366654684939476e+02
4.591786602076786039e+02
4.600774823131191624e+02
4.613892170224333995e+02
4.619544606886619249e+02
4.627086069760070473e+02
4.629154609567407306e+02
4.639667690959797142e+02
4.643216689442786560e+02
4.653668408618007106e+02
4.655384215369772392e+02
4.668940489216865899e+02
4.676752658912598690e+02
4.689652301834128139e+02
4.708062799649658814e+02
4.717784850664239116e+02
4.722832112236355897e+02
4.750077852289356883e+02
4.756014832115199624e+02
4.760344389252132942e+02
4.765362667418150409e+02
4.777542042368187367e+02
4.780673564829290285e+02
4.798571807472252431e+02
4.800968521528325255e+02
4.810239686316654115e+02
4.830787168689194573e+02
4.844539585180941117e+02
4.850432487753217856e+02
4.860333888476592392e+02
4.884206240627667057e+02
4.894257090417453355e+02
4.896643848950530469e+02
4.903988087003044711e+02
4.914967857970728460e+02
4.936181460500167191e+02
4.945908076370502613e+02
4.957762087838364096e+02
4.965484328274067707e+02
4.971205508656558436e+02
4.981987134912261581e+02
4.995764664500180743e+02
5.001864123899777610e+02
5.007416309410730832e+02
5.011848816888987130e+02
5.018262805848406174e+02
5.029490958114041632e+02
5.030637207261312369e+02
5.045335762311959229e+02
5.050857035293246895e+02
5.054548544014537583e+02
5.066536853991910334e+02
5.088889470572567575e+02
5.103571005384816885e+02
5.109143773255935912e+02
5.110576058445778358e+02
5.117612095329282624e+02
5.124118782253040081e+02
5.138255631279330373e+02
5.156598802257547050e+02
5.166639858452487033e+02
5.173108943063895140e+02
5.180823488033001922e+02
5.187796361327357317e+02
5.201116971473809372e+02
5.211838372929153138e+02
5.227422880754612606e+02
5.229878393878293537e+02
5.244513877418816037e+02
5.248519092078407766e+02
5.256195682626694179e+02
5.261587095039292308e+02
5.274260402434783828e+02
5.298830326590889399e+02
5.304712405934988055e+02
5.319688850172223056e+02
5.335038068451777917e+02
5.339839087657283017e+02
5.351178626120577064e+02
5.357483503730015855e+02
5.368524448359257804e+02
5.386895340500027487e+02
5.417030017591722526e+02
5.417741587676371182e+02
5.429188871744490825e+02
5.435801826190847805e+02
5.449534357389301249e+02
5.457969077198423520e+02
5.467879618502003041e+02
5.473876908477944880e+02
5.482630686954652219e+02
5.489487368194451165e+02
5.498731120059312616e+02
5.506832519857655370e+02
5.509301670720992661e+02
5.521856307297272224e+02
5.536629610240637476e+02
5.543862604975657860e+02
5.551984908115368853e+02
5.553712326676128441e+02
5.559169286678611570e+02
5.566091595731227244e+02
5.575603496490257385e+02
5.597760771248431411e+02
5.600832091429037973e+02
5.609153419197209587e+02
5.613643169137700397e+02
5.635623303175542560e+02
5.647874722262172327e+02
5.659009258350974960e+02
5.680460858435716318e+02
5.686947629567677041e+02
5.691256265387609119e+02
5.708244601626527128e+02
5.719605652257723705e+02
5.725806825413187653e+02
5.728109755807801093e+02
5.742353764992114975e+02
5.756092407307905887e+02
5.757283348997401617e+02
5.763947844469239499e+02
5.781426477900272403e+02
5.788088957264702685e+02
5.804199483980189598e+02
5.807643404129568125e+02
5.811915109639347747e+02
5.831701130175232493e+02
5.835472925535920012e+02
5.839380106535858204e+02
5.852044286213964597e+02
5.870574623154977871e+02
5.876638728605851156e+02
5.895352103879906736e+02
5.903385994635279985e+02
5.910426590775662135e+02
5.916347124949136287e+02
5.922253269197260579e+02
5.930482555939719305e+02
5.937999523876080730e+02
5.948340012810073176e+02
5.956523754930760788e+02
5.966997833576475614e+02
5.974557492162898598e+02
5.991882163208922520e+02
6.010540384156241771e+02
6.021759027175381789e+02
6.040742256951897389e+02
6.056383208262318476e+02
6.063816055757800996e+02
6.069231896554473451e+02
6.076814205734432335e+02
6.084354954084091105e+02
6.093633058613281719e+02
6.098075425818112762e+02
6.103668225745389009e+02
6.118590716748597060e+02
6.137489208953089701e+02
6.139492976373361444e+02
6.145788385973017967e+02
6.163859421761625299e+02
6.171022155139423830e+02
6.182322271163750429e+02
6.194042534203044852e+02
6.198519810395951026e+02
6.209269955011500315e+02
6.217593360562102589e+02
6.219624330935758962e+02
6.234902102213341095e+02
6.257100545314932560e+02
6.258555191223364318e+02
6.270224680883520705e+02
6.280444168922895187e+02
6.285052939728235515e+02
6.299066231579899977e+02
6.310724330674395333e+02
6.320770601323620212e+02
6.328288491978214552e+02
6.345762937675995090e+02
6.356779252558219468e+02
6.369675227819785732e+02
6.376627467771295414e+02
6.383905736250177370e+02
6.387764434265719729e+02
6.393044234737151328e+02
6.416503432841179801e+02
6.423563823112656337e+02
6.450698238923984036e+02
6.456552321932227869e+02
6.466750690091975002e+02
6.470797382211164859e+02
6.477246556517052340e+02
6.484459519578249456e+02
6.491599935339327203e+02
6.497783926003951365e+02
6.505521170545946461e+02
6.512100883762357171e+02
6.518742344702815217e+02
6.520460526655618878e+02
6.544519524748959611e+02
6.553014348860176597e+02
6.559080514963552559e+02
6.573520644936243116e+02
6.585568818939880202e+02
6.593293821100761534e+02
6.607830433790304596e+02
6.621591264310454790e+02
6.628309791641434003e+02
6.638352339649659370e+02
6.646905998696302049e+02
6.657969006981440998e+02
6.672129420444612151e+02
6.675614491475548675e+02
6.683938484088819223e+02
6.699857936027040068e+02
6.708619209049571737e+02
6.716204466668762052e+02
6.724871886921118858e+02
6.742672160680863271e+02
6.746492484414239925e+02
6.754563596988623431e+02
6.769690307252957382e+02
6.783376907267886509e+02
6.786719880221033918e+02
6.800967867259618060e+02
6.810793104858151992e+02
6.832093823001046076e+02
6.835202841236878157e+02
6.840445617075696418e+02
6.858831710632382510e+02
6.862612911420744695e+02
6.870893567471575807e+02
6.887445914597471983e+02
6.892657037658773334e+02
6.895611507784934702e+02
6.897367376798256373e+02
6.912179874273950873e+02
6.922132317559533021e+02
6.943992028115364974e+02
6.949498930893404349e+02
6.969181030178303899e+02
6.976738983489816519e+02
6.981170407808093614e+02
6.988048102846234997e+02
7.006256951572160006e+02
7.011386595872303360e+02
7.018748745286076201e+02
7.026575605477231647e+02
7.031815355227817008e+02
7.045102474195302875e+02
7.061467029722480220e+02
7.067420713962028458e+02
7.077866462216832133e+02
7.086497067539820591e+02
7.097668828865234900e+02
7.108508383215420281e+02
7.114601647995613121e+02
7.125572663514301439e+02
7.132916788143087388e+02
7.157267172801125525e+02
7.160426637845246205e+02
7.169046209024156724e+02
7.195661732198439040e+02
7.199823166548103472e+02
7.210230036304232044e+02
7.227513258698894560e+02
7.231538161480448252e+02
7.241220116687719610e+02
7.244247638067610069e+02
7.255060402685242025e+02
7.257914615432272285e+02
7.268795930608130220e+02
7.277082825158061041e+02
7.296162121121582231e+02
7.306142130181643779e+02
7.308556578853599603e+02
7.322592940874390024e+02
7.331926135704927674e+02
7.339073218137025378e+02
7.347398882897532530e+02
7.357072281587994667e+02
7.364775390342826995e+02
7.375716514475805070e+02
7.378544615921699688e+02
7.386513429231954433e+02
7.404157634469170262e+02
7.416165105374606128e+02
7.433895152406644229e+02
7.435597702975242100e+02
7.444614081123334017e+02
7.451146658383510157e+02
7.463026076667434836e+02
7.484035849162778504e+02
7.488465873052800816e+02
7.492646116200174902e+02
7.500784580235934982e+02
7.515633081390892585e+02
7.524122002148376396e+02
7.543698999252073918e+02
7.557500219003277380e+02
7.560979115559064212e+02
7.567455601754802501e+02
7.577820893578459618e+02
7.587938943065577178e+02
7.598688049632201000e+02
7.621711967854462273e+02
7.622538099811076791e+02
7.634329212076020212e+02
7.636233982002931953e+02
7.652153043769307033e+02
7.657170655941660016e+02
7.666927152571631723e+02
7.682336188452070473e+02
7.689506512110904168e+02
7.700297733494032855e+02
7.719222778509897580e+02
7.726833157356602442e+02
7.732963011290560189e+02
7.736727315029240799e+02
7.747442478101122560e+02
7.756971417725530955e+02
7.763046694231135234e+02
7.781606057435276398e+02
7.791196529779563207e+02
7.799826152962847345e+02
7.808112753733823865e+02
7.820639065187521055e+02
7.830367605782175815e+02
7.837069636457483739e+02
7.845333940319312660e+02
7.871487716607532548e+02
7.879421510734532603e+02
7.886059989216562371e+02
7.899476495806904950e+02
7.903938641089570183e+02
7.914553493607627388e+02
7.926981984305754168e+02
7.930358994277755755e+02
7.938387992104621844e+02
7.947895306656274670e+02
7.959768004617915267e+02
7.968269427380713523e+02
7.981901840665486816e+02
7.991547697821146130e+02
8.008092229730611962e+02
8.015806559559232483e+02
8.024540143979867253e+02
8.029172986084523700e+02
8.037644908373940780e+02
8.056225963057038371e+02
8.065413818937349788e+02
8.068061424304457887e+02
8.077431437761631514e+02
8.078344132314587114e+02
8.085754382508621347e+02
8.093479026688764861e+02
8.097495827879517947e+02
8.122794165823854655e+02
8.130168012504396984e+02
8.145692394950983726e+02
8.160906182958317459e+02
8.180348065362284160e+02
8.182526870748419014e+02
8.188458771610634130e+02
8.203572144049785493e+02
8.216118939424682139e+02
8.220710581669861767e+02
8.234471223139577205e+02
8.239522662648055302e+02
8.250907390468719314e+02
8.256393780224964303e+02
8.273739975950961707e+02
8.275727614818190432e+02
8.284141526958391069e+02
8.296529016932011018e+02
8.299296343321091172e+02
8.308553902799483240e+02
8.317669956999714032e+02
8.353864381935494521e+02
8.356602611902695799e+02
8.366561036994974074e+02
8.369870165438737786e+02
8.384573685764180482e+02
8.409335814465476915e+02
8.418617246359094679e+02
8.423533744241801742e+02
8.433972238638882573e+02
8.437059814713122705e+02
8.449061263721284831e+02
8.455417322809107645e+02
8.459032893346418405e+02
8.460405233485817007e+02
8.478733460716874788e+02
8.486221714526380993e+02
8.493882147353178880e+02
8.509108413698016875e+02
8.511304855306989339e+02
8.516999076836111726e+02
8.526297866682189124e+02
8.537585529562845750e+02
8.562390527178415596e+02
8.578533798874026388e+02
8.588358039387200051e+02
8.592827597046519941e+02
8.606280577400073071e+02
8.610067364371875556e+02
8.618953991952296292e+02
8.620578778320924584e+02
8.636572046261701416e+02
8.638890817764136045e+02
8.668220042484965688e+02
8.668942469807273028e+02
8.679736607609534076e+02
8.691635870689349304e+02
8.695298084103234260e+02
8.706971955363496818e+02
8.708425129111819842e+02
8.725174755092641590e+02
8.740326509216527029e+02
8.750769086999604269e+02
8.759066568999430729e+02
8.768903366902608241e+02
8.780047507998785932e+02
8.789290544912951191e+02
8.799022165655225081e+02
8.807637270878968820e+02
8.822907365565365581e+02
8.842569616542040194e+02
8.847018719215653846e+02
8.849948300393897398e+02
8.861391488709962232e+02
8.874712839157025428e+02
8.881074651061123859e+02
8.888109578832810485e+02
8.898919490845403288e+02
8.912675770538710367e+02
8.922047875090433990e+02
8.932470731940993574e+02
8.940685811517432739e+02
8.947752386033437233e+02
8.956212387571930549e+02
8.958560968441664727e+02
8.975498154022159270e+02
8.985788092379199270e+02
8.992982028651128985e+02
9.015279238842927043e+02
9.026652235848862347e+02
9.039464685404317379e+02
9.044933894538685308e+02
9.054094608201363599e+02
9.064052212460815099e+02
9.074757160652022776e+02
9.080027286177471524e+02
9.100141081285821656e+02
9.106389523412308336e+02
9.113308211831520111e+02
9.124397842235936196e+02
9.128856355735900934e+02
9.137581322911299821e+02
9.143252955402695079e+02
9.153312956380536889e+02
9.165863276451013917e+02
9.169535562340627166e+02
9.187247761775007575e+02
9.195729255643472015e+02
9.200497904294104501e+02
9.219333776115760202e+02
9.225163003489440143e+02
9.234827335163818134e+02
9.236459369741353385e+02
9.247286965250967796e+02
9.272531409464015724e+02
9.284154994426139638e+02
9.292667056140059003e+02
9.303100946344317208e+02
9.314981156941203153e+02
9.330612096444187955e+02
9.338913026567406632e+02
9.359776880270154606e+02
9.362221854122167315e+02
9.372189756075598552e+02
9.376934537446011291e+02
9.381032222677383743e+02
9.386700862374165126e+02
9.389259478582874863e+02
9.404323136362856985e+02
9.415819830399412922e+02
9.424565849234687676e+02
9.441206345694808988e+02
9.449707763558956231e+02
9.460033291565821401e+02
9.469024876229119627e+02
9.481377129759171112e+02
9.486484309833612087e+02
9.500890052929266858e+02
9.502201508803926799e+02
9.513525590873575766e+02
9.517696521641080381e+02
9.537888981741514272e+02
9.542170329032826430e+02
9.555715597395155783e+02
9.568943783596364483e+02
9.583372037466785969e+02
9.598026578441887295e+02
9.601329708203322753e+02
9.620109443017272497e+02
9.631930389211638612e+02
9.639352930187817492e+02
9.649687235524654625e+02
9.653673739356723900e+02
9.661061181444665635e+02
9.665572440378728061e+02
9.676148625149069176e+02
9.687174717843772669e+02
9.692948520212846688e+02
9.696376689520747050e+02
9.706833873384134677e+02
9.729867599722430214e+02
9.743292298951409975e+02
9.755939574372675906e+02
9.759240515043921960e+02
9.772198567704497236e+02
9.779256358125931001e+02
9.793997216986491594e+02
9.805784272388470981e+02
9.808451355716484841e+02
9.820666293119970760e+02
9.825180152589243789e+02
9.837768782549496791e+02
9.848984664845462476e+02
9.858105443422948611e+02
9.874162458150175325e+02
9.885478894324248813e+02
9.896120662950050928e+02
9.898638496510417326e+02
9.907242689911784055e+02
9.913847850064287286e+02
9.928169483317240065e+02
9.934946658517199012e+02
9.952705467524563119e+02
9.960680044998928224e+02
9.975925446957489839e+02
9.982682736286781164e+02
9.983773162401025729e+02
